RBD;MAT_HOM_TOT;MAT_MUJ_TOT;MAT_TOTAL
1;379;295;674
2;99;86;185
3;396;115;511
4;471;540;1011
5;519;471;990
7;681;463;1144
8;358;292;650
9;807;727;1534
10;2;160;162
11;222;147;369
12;180;143;323
13;158;105;263
14;162;129;291
15;194;215;409
16;168;77;245
17;176;176;352
18;181;136;317
19;186;140;326
20;268;203;471
21;0;0;0
22;548;484;1032
25;383;284;667
26;91;89;180
27;162;110;272
28;378;375;753
29;288;235;523
30;107;62;169
31;214;205;419
32;382;334;716
33;110;98;208
35;57;63;120
36;124;147;271
38;271;264;535
39;44;35;79
41;12;14;26
42;11;13;24
43;13;22;35
44;0;0;0
45;0;927;927
46;0;0;0
47;0;0;0
49;18;18;36
50;290;290;580
51;0;0;0
52;2016;1992;4008
55;75;66;141
56;485;493;978
57;0;0;0
58;14;22;36
59;267;248;515
60;436;466;902
65;0;0;0
66;10;14;24
67;302;305;607
69;378;425;803
70;4;5;9
72;33;23;56
73;2;0;2
74;7;5;12
75;2;0;2
76;4;5;9
78;172;100;272
79;8;6;14
81;2;1;3
82;2;0;2
83;3;2;5
84;1;0;1
86;5;5;10
87;1;0;1
88;1;1;2
89;1;1;2
90;13;15;28
91;4;1;5
92;1;0;1
93;4;2;6
94;3;1;4
95;0;1;1
97;207;168;375
98;0;0;0
100;0;0;0
101;0;0;0
102;66;43;109
103;216;308;524
105;42;20;62
106;229;97;326
107;228;220;448
108;282;224;506
109;72;143;215
110;477;477;954
111;344;316;660
112;377;276;653
113;551;396;947
114;268;244;512
115;0;0;0
116;327;309;636
117;341;281;622
119;314;232;546
120;0;0;0
122;189;180;369
123;303;296;599
124;565;480;1045
125;580;507;1087
126;378;349;727
127;1;913;914
128;0;0;0
129;108;97;205
130;196;179;375
131;202;181;383
132;879;945;1824
133;383;371;754
134;185;166;351
136;4;9;13
138;0;0;0
139;15;12;27
143;0;0;0
144;203;169;372
145;0;0;0
147;0;0;0
148;0;0;0
150;0;0;0
151;0;0;0
154;17;13;30
156;31;20;51
158;0;1;1
159;2;4;6
160;17;15;32
161;193;183;376
162;17;14;31
165;3;3;6
167;47;57;104
168;2;2;4
169;7;6;13
170;2;1;3
171;2;2;4
172;5;3;8
173;9;10;19
174;8;9;17
175;2;2;4
177;6;1;7
178;57;61;118
179;2;0;2
184;0;0;0
185;1;2;3
186;0;1;1
187;163;138;301
188;83;80;163
191;332;381;713
192;19;29;48
193;320;328;648
195;129;131;260
196;4;3;7
198;49;42;91
199;336;332;668
200;294;258;552
201;306;230;536
203;319;276;595
204;286;281;567
205;260;222;482
206;224;222;446
207;45;19;64
208;584;624;1208
209;0;0;0
210;331;294;625
211;148;144;292
214;6;9;15
217;495;685;1180
218;211;185;396
219;598;248;846
220;688;475;1163
222;326;405;731
223;422;237;659
224;533;472;1005
225;539;514;1053
226;430;420;850
227;851;661;1512
228;285;279;564
229;327;240;567
230;317;288;605
231;368;342;710
232;320;252;572
234;0;0;0
235;0;0;0
236;92;111;203
237;142;161;303
238;141;79;220
239;346;297;643
240;346;271;617
241;102;93;195
243;6;10;16
244;149;131;280
245;58;64;122
246;6;7;13
248;2;3;5
249;0;0;0
251;0;0;0
252;60;25;85
253;432;425;857
254;6;962;968
255;560;544;1104
256;896;794;1690
257;558;492;1050
259;60;61;121
261;26;27;53
262;99;108;207
265;71;67;138
268;20;18;38
269;460;399;859
270;128;130;258
271;6;5;11
273;16;13;29
274;10;7;17
275;1;1;2
276;0;0;0
277;9;25;34
279;1579;533;2112
280;738;883;1621
282;9;3;12
283;257;1236;1493
284;524;462;986
285;538;641;1179
286;396;490;886
287;438;648;1086
288;637;601;1238
289;322;268;590
291;651;619;1270
292;364;340;704
293;717;637;1354
294;428;408;836
296;341;335;676
297;322;276;598
298;330;315;645
299;0;0;0
301;312;263;575
302;270;224;494
303;253;263;516
304;727;748;1475
305;646;548;1194
306;186;146;332
307;133;136;269
308;0;0;0
310;288;279;567
311;149;76;225
312;388;314;702
313;605;580;1185
315;276;244;520
316;225;190;415
317;567;456;1023
318;143;117;260
319;502;440;942
320;437;442;879
321;0;0;0
322;300;254;554
324;244;214;458
326;285;230;515
327;0;0;0
329;305;295;600
330;113;85;198
332;279;286;565
333;109;139;248
335;283;240;523
336;556;696;1252
337;454;485;939
340;72;66;138
341;422;455;877
342;622;670;1292
343;316;365;681
344;420;486;906
349;23;18;41
350;337;403;740
352;22;32;54
353;0;0;0
354;13;5;18
355;186;117;303
356;514;555;1069
357;695;223;918
358;24;432;456
361;418;418;836
363;0;0;0
364;328;368;696
365;390;419;809
366;523;510;1033
367;615;534;1149
368;432;430;862
369;10;10;20
370;88;71;159
371;62;48;110
372;276;239;515
373;251;309;560
374;230;157;387
375;271;284;555
377;13;15;28
378;0;0;0
379;346;319;665
380;175;137;312
381;86;66;152
382;180;158;338
383;53;23;76
384;257;254;511
385;0;0;0
386;359;321;680
387;19;20;39
388;0;0;0
389;0;0;0
390;383;358;741
391;0;0;0
392;317;352;669
396;311;422;733
397;100;15;115
399;473;473;946
400;397;569;966
401;463;417;880
402;0;0;0
403;386;342;728
404;100;61;161
405;322;295;617
406;406;322;728
407;240;193;433
408;631;533;1164
410;344;267;611
411;352;248;600
413;145;141;286
415;494;558;1052
416;428;292;720
417;426;353;779
418;662;558;1220
419;458;378;836
420;422;389;811
421;609;472;1081
423;135;113;248
427;219;202;421
429;1029;1034;2063
430;1;1085;1086
431;0;985;985
433;534;492;1026
434;416;401;817
435;0;0;0
437;654;519;1173
438;214;173;387
439;1;3;4
440;545;602;1147
441;157;140;297
442;239;222;461
444;236;205;441
445;21;19;40
446;16;13;29
447;1;6;7
448;366;400;766
449;472;106;578
450;116;103;219
452;204;185;389
453;422;345;767
454;458;409;867
455;160;155;315
456;47;37;84
458;185;162;347
459;376;314;690
461;172;160;332
462;184;172;356
463;86;69;155
464;338;294;632
466;0;0;0
467;6;3;9
468;9;10;19
469;25;17;42
471;23;22;45
472;0;0;0
475;0;0;0
476;33;35;68
477;0;0;0
478;468;719;1187
479;467;506;973
480;0;0;0
481;212;224;436
482;7;7;14
483;24;11;35
484;31;27;58
485;4;6;10
486;259;197;456
487;230;226;456
489;215;191;406
490;10;7;17
492;156;133;289
493;106;101;207
495;4;5;9
496;8;8;16
497;4;7;11
498;0;2;2
499;109;109;218
500;5;3;8
501;0;0;0
502;5;7;12
503;2;1;3
504;4;7;11
505;0;0;0
506;3;1;4
508;1;2;3
509;1;0;1
511;0;0;0
512;0;0;0
513;0;0;0
514;3;4;7
515;0;0;0
516;275;296;571
517;401;422;823
518;1;442;443
519;490;496;986
520;0;0;0
521;209;141;350
522;6;498;504
523;164;115;279
525;334;158;492
526;301;301;602
527;393;159;552
528;7;346;353
529;74;51;125
530;477;398;875
531;237;212;449
532;431;358;789
533;24;9;33
534;248;171;419
535;266;254;520
536;87;53;140
537;18;14;32
539;78;66;144
540;50;52;102
542;67;74;141
543;73;69;142
544;34;3;37
546;46;50;96
548;72;64;136
549;2;2;4
550;4;0;4
551;57;67;124
552;3;2;5
553;0;0;0
554;4;1;5
556;112;77;189
557;110;119;229
558;15;5;20
559;0;0;0
560;86;73;159
561;13;12;25
562;113;85;198
563;2;2;4
564;3;6;9
565;454;402;856
566;173;157;330
567;540;653;1193
568;276;275;551
570;258;344;602
571;23;25;48
573;298;386;684
574;1099;0;1099
575;0;863;863
577;0;0;0
578;132;100;232
579;657;545;1202
580;669;713;1382
581;373;364;737
582;355;339;694
583;407;646;1053
584;0;0;0
585;409;395;804
587;123;129;252
589;173;149;322
590;441;497;938
591;400;365;765
592;0;0;0
594;54;35;89
597;178;158;336
598;22;20;42
599;50;49;99
600;0;0;0
601;0;0;0
602;63;78;141
604;13;14;27
606;15;7;22
607;0;0;0
608;19;11;30
609;287;406;693
610;662;89;751
611;161;137;298
612;165;128;293
613;381;458;839
614;168;135;303
615;119;104;223
616;360;331;691
617;128;116;244
618;314;240;554
620;189;197;386
621;101;84;185
623;36;23;59
624;36;16;52
625;132;71;203
626;337;307;644
628;119;80;199
629;413;345;758
630;181;160;341
631;199;209;408
632;206;185;391
634;23;26;49
635;7;7;14
637;133;127;260
638;0;3;3
639;29;22;51
640;3;0;3
641;32;23;55
642;87;61;148
643;69;60;129
644;16;6;22
645;5;0;5
646;867;926;1793
647;232;189;421
648;445;675;1120
649;553;699;1252
650;168;205;373
654;0;0;0
655;203;206;409
656;178;101;279
657;121;101;222
658;112;128;240
659;4;4;8
660;0;0;0
661;8;10;18
662;2;5;7
663;0;0;0
664;461;480;941
665;288;222;510
666;154;134;288
668;210;168;378
669;78;80;158
671;72;58;130
672;82;84;166
673;115;73;188
674;5;3;8
675;0;0;0
676;8;3;11
678;19;17;36
680;34;29;63
681;16;7;23
682;63;54;117
683;10;8;18
685;0;0;0
686;30;26;56
687;4;4;8
688;11;11;22
689;3;1;4
690;453;515;968
691;100;116;216
692;73;101;174
693;3;12;15
694;60;51;111
695;6;2;8
696;11;6;17
697;3;1;4
699;8;4;12
701;194;198;392
704;379;599;978
705;1015;199;1214
706;447;240;687
707;0;646;646
708;192;146;338
709;169;118;287
710;139;105;244
711;242;146;388
712;362;264;626
713;173;151;324
714;323;247;570
715;99;98;197
716;213;197;410
718;73;75;148
719;79;33;112
721;318;263;581
722;128;115;243
723;8;6;14
724;3;2;5
725;88;79;167
726;2;0;2
727;2;3;5
728;5;4;9
729;50;44;94
730;71;76;147
731;22;22;44
732;0;0;0
733;34;24;58
735;0;2;2
736;1;6;7
737;88;80;168
738;0;0;0
739;0;0;0
740;54;57;111
741;0;0;0
743;31;27;58
744;9;6;15
745;2;2;4
746;5;1;6
747;56;64;120
749;2;1;3
750;49;41;90
752;3;1;4
753;70;76;146
754;4;6;10
755;2;1;3
756;6;6;12
757;46;47;93
758;1;2;3
759;10;12;22
760;3;7;10
761;0;0;0
762;10;9;19
763;621;575;1196
766;810;922;1732
767;257;219;476
768;0;994;994
769;687;526;1213
770;252;306;558
771;1;0;1
772;333;121;454
773;44;36;80
774;120;159;279
775;8;7;15
776;3;1;4
777;5;5;10
778;13;6;19
780;9;14;23
783;2;5;7
784;3;2;5
785;2;0;2
786;1;1;2
787;3;2;5
788;4;1;5
789;5;3;8
790;5;5;10
791;0;0;0
792;2;2;4
793;21;33;54
795;4;4;8
797;3;4;7
798;389;392;781
799;338;323;661
800;78;79;157
802;260;236;496
803;106;83;189
804;86;90;176
805;15;10;25
806;3;14;17
807;2;3;5
808;0;0;0
809;6;5;11
810;2;2;4
811;0;0;0
812;4;7;11
813;3;5;8
814;8;8;16
816;2;3;5
817;12;7;19
818;1;7;8
819;5;8;13
820;10;4;14
821;92;80;172
822;55;58;113
823;6;8;14
824;3;4;7
825;5;2;7
826;3;3;6
827;100;113;213
828;0;0;0
830;5;6;11
831;0;0;0
833;47;55;102
834;0;0;0
835;5;5;10
836;2;3;5
837;36;25;61
838;19;18;37
839;21;20;41
840;0;0;0
841;0;0;0
842;0;0;0
843;2;3;5
844;12;12;24
845;254;246;500
847;360;382;742
848;165;181;346
849;58;51;109
850;16;22;38
851;46;47;93
852;61;45;106
853;0;0;0
854;0;0;0
856;0;0;0
857;35;24;59
859;4;0;4
861;0;0;0
862;2;3;5
864;3;0;3
865;4;8;12
866;0;0;0
867;0;0;0
868;8;5;13
869;5;6;11
870;9;12;21
871;17;13;30
872;1;3;4
874;1;1;2
875;3;3;6
876;38;34;72
878;0;0;0
879;9;6;15
881;0;0;0
882;0;0;0
883;0;2;2
884;2;0;2
885;0;0;0
886;3;0;3
887;4;6;10
888;11;7;18
889;1;2;3
890;2;1;3
891;6;2;8
892;22;10;32
893;0;0;0
896;7;4;11
897;222;189;411
898;0;0;0
899;0;1;1
900;8;6;14
901;0;0;0
902;3;2;5
904;1;3;4
905;41;42;83
906;3;1;4
907;3;2;5
908;41;38;79
909;7;4;11
910;19;20;39
911;2;0;2
912;0;0;0
914;2;0;2
915;41;29;70
916;2;0;2
917;0;1;1
919;0;0;0
920;0;0;0
921;0;0;0
922;1;0;1
923;3;1;4
924;23;25;48
925;2;3;5
926;0;0;0
928;6;2;8
929;50;49;99
931;8;5;13
932;63;54;117
933;1;0;1
934;2;5;7
935;10;11;21
936;3;3;6
937;47;47;94
939;2;3;5
940;3;6;9
941;0;0;0
942;0;0;0
943;7;3;10
945;20;10;30
946;104;93;197
947;101;59;160
948;1;0;1
949;2;3;5
950;6;2;8
951;2;1;3
952;0;1;1
953;34;20;54
954;1;6;7
955;1;2;3
956;3;2;5
957;4;3;7
959;222;192;414
960;2;2;4
962;0;2;2
963;3;2;5
964;143;112;255
967;226;308;534
968;520;177;697
969;337;230;567
970;155;40;195
971;0;449;449
972;130;102;232
973;85;52;137
974;51;36;87
976;49;64;113
977;26;27;53
978;6;6;12
979;0;0;0
981;8;6;14
982;240;180;420
983;0;0;0
984;5;5;10
985;14;6;20
986;3;1;4
987;530;598;1128
988;81;224;305
990;100;101;201
991;1;1;2
993;10;6;16
994;3;1;4
995;22;10;32
996;1;2;3
997;0;0;0
998;2;3;5
999;1;3;4
1000;0;0;0
1001;5;3;8
1002;2;2;4
1003;0;0;0
1004;4;6;10
1005;0;2;2
1006;29;18;47
1007;0;0;0
1008;2;1;3
1010;3;2;5
1011;1;0;1
1013;157;156;313
1014;185;152;337
1015;115;81;196
1016;49;47;96
1017;37;38;75
1018;38;36;74
1019;87;86;173
1020;65;79;144
1021;0;2;2
1022;27;32;59
1023;0;0;0
1024;0;0;0
1025;0;0;0
1027;4;11;15
1028;0;0;0
1029;0;0;0
1030;10;8;18
1031;43;32;75
1032;24;10;34
1033;42;31;73
1034;26;17;43
1036;526;534;1060
1037;5;5;10
1038;4;1;5
1039;0;0;0
1040;7;1;8
1041;24;13;37
1042;6;7;13
1044;1;1;2
1045;8;5;13
1046;4;6;10
1047;5;5;10
1048;253;259;512
1049;388;331;719
1050;84;90;174
1051;158;132;290
1052;64;57;121
1053;19;17;36
1054;0;0;0
1055;11;16;27
1059;67;70;137
1061;0;3;3
1062;3;0;3
1063;5;1;6
1064;1;2;3
1065;6;3;9
1066;427;390;817
1067;0;0;0
1068;2;3;5
1069;3;2;5
1070;0;0;0
1071;3;4;7
1072;19;11;30
1073;0;0;0
1075;0;0;0
1076;3;2;5
1077;192;184;376
1078;55;61;116
1079;0;0;0
1080;1;0;1
1081;4;0;4
1082;3;2;5
1083;1;2;3
1084;3;0;3
1085;2;0;2
1086;0;0;0
1087;147;131;278
1089;0;0;0
1090;0;0;0
1092;16;5;21
1093;1;5;6
1094;4;7;11
1095;7;4;11
1096;15;10;25
1097;0;0;0
1098;0;0;0
1099;19;13;32
1100;39;35;74
1101;6;0;6
1102;2;2;4
1103;0;0;0
1104;6;9;15
1105;0;0;0
1106;0;0;0
1108;7;4;11
1109;6;5;11
1112;0;0;0
1113;1;1;2
1114;5;1;6
1115;0;0;0
1116;2;1;3
1117;1;0;1
1119;2;608;610
1120;86;79;165
1121;289;279;568
1122;205;96;301
1123;353;295;648
1125;79;66;145
1126;15;14;29
1128;163;114;277
1129;4;2;6
1130;3;2;5
1131;6;9;15
1132;73;47;120
1133;22;16;38
1134;7;6;13
1135;28;16;44
1136;29;27;56
1137;8;7;15
1139;24;15;39
1140;22;22;44
1142;35;30;65
1143;8;8;16
1144;13;5;18
1145;24;11;35
1147;66;52;118
1148;211;177;388
1149;114;88;202
1150;7;4;11
1151;2;2;4
1152;47;29;76
1153;2;3;5
1154;0;0;0
1156;20;20;40
1157;23;15;38
1158;1;7;8
1160;3;3;6
1161;111;76;187
1162;14;14;28
1164;232;268;500
1166;59;67;126
1167;295;277;572
1168;244;219;463
1170;87;85;172
1171;9;7;16
1173;47;54;101
1174;64;41;105
1175;0;0;0
1176;34;36;70
1177;0;0;0
1178;90;84;174
1179;0;0;0
1180;121;96;217
1181;2;5;7
1182;5;5;10
1183;221;244;465
1184;130;144;274
1185;86;52;138
1187;0;0;0
1189;84;73;157
1190;203;216;419
1191;128;108;236
1192;78;80;158
1194;732;681;1413
1195;298;465;763
1196;72;313;385
1197;503;502;1005
1198;123;124;247
1199;123;33;156
1200;151;111;262
1201;54;32;86
1202;159;111;270
1203;141;135;276
1204;68;64;132
1206;313;268;581
1208;47;67;114
1210;135;109;244
1211;139;127;266
1212;42;18;60
1213;1006;855;1861
1214;0;693;693
1215;387;391;778
1216;225;220;445
1217;439;539;978
1218;238;248;486
1220;156;187;343
1221;161;170;331
1225;588;501;1089
1226;147;115;262
1228;0;0;0
1229;163;165;328
1230;0;0;0
1233;221;185;406
1234;107;115;222
1235;96;68;164
1237;4;0;4
1238;28;29;57
1239;4;3;7
1240;21;15;36
1243;16;12;28
1244;1;4;5
1245;112;90;202
1246;95;86;181
1247;71;78;149
1248;150;115;265
1249;55;43;98
1250;59;42;101
1251;104;73;177
1252;30;27;57
1254;0;0;0
1255;245;143;388
1256;111;118;229
1257;371;329;700
1258;84;63;147
1259;100;53;153
1260;263;249;512
1261;159;115;274
1262;977;104;1081
1263;1;713;714
1264;109;92;201
1265;139;111;250
1266;71;33;104
1268;663;503;1166
1269;166;92;258
1271;221;151;372
1273;20;12;32
1274;134;94;228
1275;167;135;302
1276;82;59;141
1277;0;0;0
1279;123;127;250
1280;97;85;182
1281;112;54;166
1282;61;44;105
1283;55;53;108
1285;80;49;129
1286;79;58;137
1287;94;64;158
1288;406;468;874
1289;127;116;243
1290;0;582;582
1291;231;273;504
1292;197;191;388
1294;302;347;649
1296;0;0;0
1297;0;0;0
1299;0;0;0
1300;246;276;522
1301;190;168;358
1302;89;63;152
1304;47;33;80
1305;52;45;97
1306;0;0;0
1307;85;61;146
1308;13;13;26
1309;22;17;39
1310;44;32;76
1311;148;176;324
1312;61;46;107
1313;35;57;92
1314;0;0;0
1315;0;0;0
1316;316;358;674
1318;235;185;420
1319;16;10;26
1321;109;77;186
1322;30;22;52
1323;38;34;72
1325;36;23;59
1326;46;35;81
1327;403;530;933
1328;95;89;184
1329;107;82;189
1330;0;0;0
1331;51;45;96
1332;46;64;110
1333;58;53;111
1335;323;310;633
1336;273;212;485
1337;73;53;126
1338;124;124;248
1339;151;89;240
1340;99;87;186
1341;149;114;263
1342;36;25;61
1343;29;29;58
1344;0;0;0
1345;53;47;100
1346;54;39;93
1347;353;387;741
1349;161;161;322
1350;272;334;606
1352;230;219;449
1353;93;90;183
1354;270;191;461
1355;87;87;174
1356;26;22;48
1357;0;0;0
1358;60;55;115
1359;55;67;122
1360;60;60;120
1361;227;212;439
1362;138;101;239
1363;383;294;677
1364;239;345;584
1366;138;360;498
1367;40;276;316
1368;1;666;667
1369;177;67;244
1370;216;200;416
1371;411;365;776
1373;0;0;0
1374;54;30;84
1375;0;0;0
1376;0;0;0
1377;159;126;285
1378;132;114;246
1383;0;0;0
1384;121;61;182
1385;135;66;201
1386;0;0;0
1387;0;0;0
1388;0;0;0
1389;42;26;68
1390;50;28;78
1391;23;44;67
1392;216;319;535
1393;256;372;628
1394;74;47;121
1395;463;577;1040
1397;1567;0;1567
1400;155;90;245
1402;46;35;81
1403;267;475;742
1404;774;684;1458
1405;338;477;815
1406;0;0;0
1408;0;0;0
1409;39;28;67
1412;210;187;397
1413;0;0;0
1414;271;234;505
1416;134;120;254
1417;45;50;95
1418;15;13;28
1419;39;23;62
1421;226;185;411
1422;115;118;233
1423;72;59;131
1424;120;130;250
1425;209;241;450
1426;0;0;0
1427;84;53;137
1428;56;37;93
1430;83;61;144
1431;122;89;211
1433;87;41;128
1434;0;0;0
1435;67;53;120
1436;537;498;1035
1437;2;882;884
1438;84;59;143
1440;45;27;72
1441;0;0;0
1442;129;81;210
1443;701;97;798
1444;233;175;408
1445;230;205;435
1447;236;215;451
1448;58;40;98
1449;490;360;850
1450;361;437;798
1452;0;0;0
1453;375;376;751
1454;50;27;77
1455;113;81;194
1456;48;48;96
1457;74;58;132
1458;69;60;129
1459;91;84;175
1460;7;2;9
1461;51;42;93
1462;18;25;43
1464;344;377;721
1465;237;190;427
1466;261;188;449
1467;244;301;545
1468;132;78;210
1469;218;181;399
1470;0;0;0
1471;63;50;113
1472;107;76;183
1473;9;19;28
1474;158;147;305
1475;15;19;34
1476;0;0;0
1478;236;314;550
1479;88;60;148
1481;0;0;0
1482;357;413;770
1483;0;280;280
1484;343;177;520
1485;0;0;0
1488;202;207;409
1489;122;123;245
1490;134;101;235
1491;94;89;183
1492;0;0;0
1493;20;22;42
1495;4;2;6
1496;37;46;83
1497;0;0;0
1498;35;21;56
1500;422;441;863
1502;465;543;1008
1503;1070;105;1175
1504;360;801;1161
1506;82;42;124
1507;322;10;332
1508;64;16;80
1509;28;11;39
1510;60;36;96
1511;71;38;109
1514;130;110;240
1515;596;794;1390
1516;311;185;496
1517;267;203;470
1518;194;197;391
1519;144;40;184
1520;252;318;570
1521;0;465;465
1522;124;100;224
1523;303;267;570
1524;118;83;201
1525;534;503;1037
1526;114;82;196
1528;184;110;294
1529;294;128;422
1533;647;0;647
1534;69;436;505
1535;0;0;0
1536;364;314;678
1537;9;541;550
1538;74;47;121
1540;60;37;97
1541;107;75;182
1542;287;254;541
1543;108;93;201
1545;0;0;0
1547;120;98;218
1548;78;35;113
1549;290;249;539
1550;51;34;85
1551;89;79;168
1552;0;0;0
1553;212;162;374
1554;108;96;204
1555;103;86;189
1556;73;51;124
1557;84;77;161
1559;0;0;0
1560;0;0;0
1563;56;30;86
1567;72;54;126
1568;137;125;262
1569;193;216;409
1570;186;190;376
1571;66;47;113
1573;103;75;178
1577;147;95;242
1578;83;54;137
1579;210;239;449
1580;106;123;229
1581;437;784;1221
1582;387;347;734
1583;158;152;310
1584;83;81;164
1585;444;579;1023
1586;315;625;940
1587;0;762;762
1588;185;342;527
1590;1696;0;1696
1593;323;286;609
1594;271;276;547
1595;330;300;630
1596;403;277;680
1597;132;96;228
1598;152;156;308
1599;159;134;293
1600;0;0;0
1601;285;216;501
1602;87;127;214
1603;183;156;339
1604;535;638;1173
1606;0;0;0
1607;188;208;396
1609;147;193;340
1610;368;351;719
1614;0;0;0
1616;0;0;0
1617;0;0;0
1618;0;0;0
1619;289;255;544
1620;201;229;430
1621;107;96;203
1623;13;18;31
1624;0;0;0
1626;0;0;0
1629;125;120;245
1631;594;526;1120
1632;83;463;546
1634;427;414;841
1635;184;177;361
1637;0;0;0
1638;214;200;414
1641;275;235;510
1643;0;0;0
1644;0;0;0
1646;0;0;0
1647;0;0;0
1648;0;0;0
1650;47;39;86
1653;235;215;450
1654;0;0;0
1657;83;83;166
1658;0;0;0
1660;0;0;0
1662;41;31;72
1663;284;381;665
1664;312;86;398
1665;0;0;0
1666;122;103;225
1667;194;130;324
1668;86;45;131
1669;112;54;166
1672;250;266;516
1674;177;161;338
1675;296;302;598
1676;345;455;800
1677;2;499;501
1678;126;96;222
1680;80;54;134
1681;112;354;466
1682;262;225;487
1683;191;163;354
1684;319;181;500
1685;288;200;488
1686;194;183;377
1688;171;120;291
1689;228;171;399
1691;93;63;156
1692;244;205;449
1693;56;51;107
1695;99;76;175
1696;120;71;191
1697;76;66;142
1698;241;208;449
1699;231;155;386
1700;113;90;203
1701;65;55;120
1702;116;88;204
1703;141;112;253
1704;107;87;194
1705;111;101;212
1707;267;210;477
1708;131;102;233
1709;67;48;115
1710;116;93;209
1712;99;118;217
1713;0;0;0
1714;62;30;92
1715;0;0;0
1716;173;158;331
1717;84;57;141
1718;97;79;176
1719;0;0;0
1720;85;79;164
1721;88;64;152
1722;42;86;128
1724;238;165;403
1728;45;31;76
1729;0;0;0
1730;0;0;0
1732;75;62;137
1734;902;0;902
1735;844;949;1793
1738;243;743;986
1739;573;0;573
1741;230;250;480
1742;191;135;326
1743;389;364;753
1744;0;0;0
1745;0;0;0
1746;42;44;86
1747;174;265;439
1748;416;454;870
1749;294;295;589
1750;266;315;581
1751;360;316;676
1752;242;355;597
1753;0;0;0
1755;525;690;1215
1756;467;479;946
1757;1217;1249;2466
1758;47;46;93
1759;84;71;155
1760;28;18;46
1761;192;199;391
1762;0;0;0
1763;71;41;112
1765;104;104;208
1766;0;0;0
1767;0;0;0
1769;184;208;392
1772;169;176;345
1774;364;384;748
1775;97;105;202
1776;169;214;383
1777;358;468;826
1778;0;0;0
1780;174;152;326
1781;447;458;905
1783;0;857;857
1786;0;0;0
1787;129;133;262
1788;797;0;797
1789;155;109;264
1790;0;0;0
1791;338;396;734
1792;237;279;516
1793;0;0;0
1794;0;0;0
1795;388;416;804
1796;220;226;446
1800;0;0;0
1801;338;485;823
1803;0;0;0
1806;0;0;0
1807;88;106;194
1809;0;0;0
1810;0;0;0
1812;0;0;0
1813;0;0;0
1815;0;0;0
1817;0;0;0
1819;91;96;187
1823;20;19;39
1826;5;3;8
1828;33;37;70
1829;0;0;0
1830;0;0;0
1837;0;0;0
1838;0;0;0
1839;650;692;1342
1840;0;0;0
1842;199;221;420
1844;96;95;191
1846;0;0;0
1847;83;81;164
1848;0;0;0
1850;0;0;0
1851;240;244;484
1853;134;123;257
1854;0;0;0
1855;306;276;582
1856;77;60;137
1857;43;30;73
1858;623;688;1311
1859;233;310;543
1860;554;539;1093
1861;0;0;0
1862;0;0;0
1863;338;389;727
1864;396;320;716
1867;125;101;226
1868;149;145;294
1869;11;7;18
1870;52;49;101
1871;59;44;103
1872;0;0;0
1873;105;85;190
1874;42;51;93
1875;89;78;167
1876;2;1;3
1877;6;6;12
1878;34;31;65
1879;0;0;0
1880;156;41;197
1881;270;263;533
1882;201;256;457
1884;343;354;697
1885;90;66;156
1886;259;212;471
1887;349;305;654
1888;109;101;210
1889;168;111;279
1890;98;101;199
1891;143;123;266
1892;94;93;187
1893;103;66;169
1894;232;234;466
1895;229;74;303
1896;0;0;0
1898;134;106;240
1899;126;83;209
1900;23;20;43
1901;14;14;28
1903;0;0;0
1904;0;0;0
1905;9;8;17
1906;27;17;44
1908;137;122;259
1909;567;603;1170
1910;0;0;0
1911;277;253;530
1913;0;0;0
1914;467;474;941
1917;112;84;196
1918;404;421;825
1919;242;307;549
1920;13;8;21
1921;0;0;0
1922;0;0;0
1923;393;448;841
1924;141;97;238
1925;0;0;0
1926;0;0;0
1927;122;108;230
1928;0;0;0
1930;144;125;269
1931;31;44;75
1932;26;28;54
1934;491;614;1105
1935;0;0;0
1936;0;0;0
1937;182;179;361
1938;0;0;0
1941;315;339;654
1942;0;0;0
1948;0;0;0
1949;56;62;118
1954;0;0;0
1956;0;0;0
1958;242;224;466
1959;259;225;484
1960;0;0;0
1961;172;136;308
1962;0;0;0
1963;145;130;275
1965;127;78;205
1966;183;155;338
1967;603;683;1286
1968;78;50;128
1969;297;236;533
1970;141;137;278
1971;237;209;446
1972;44;15;59
1973;0;0;0
1975;152;106;258
1976;16;20;36
1977;960;1014;1974
1980;241;237;478
1982;0;0;0
1983;0;0;0
1985;41;25;66
1987;228;198;426
1988;0;0;0
1989;210;193;403
1990;0;0;0
1992;0;0;0
1993;0;0;0
1996;296;260;556
1997;235;259;494
1998;165;169;334
1999;223;178;401
2000;0;0;0
2002;0;0;0
2003;48;36;84
2004;0;0;0
2005;61;77;138
2006;0;0;0
2007;173;196;369
2008;97;95;192
2009;82;87;169
2011;35;13;48
2012;97;98;195
2013;313;424;737
2014;156;121;277
2017;59;58;117
2018;470;420;890
2019;218;171;389
2020;129;103;232
2021;332;272;604
2022;101;93;194
2023;72;75;147
2024;74;47;121
2025;87;66;153
2026;307;227;534
2027;86;47;133
2028;59;51;110
2031;0;0;0
2033;0;0;0
2034;0;0;0
2035;89;70;159
2036;55;51;106
2037;68;52;120
2038;9;11;20
2039;0;0;0
2040;443;400;843
2041;2;590;592
2042;632;547;1179
2043;224;211;435
2044;617;122;739
2045;208;284;492
2047;31;410;441
2048;17;294;311
2049;258;365;623
2050;219;224;443
2051;0;0;0
2052;184;130;314
2053;54;33;87
2054;67;36;103
2055;256;242;498
2057;80;50;130
2058;0;0;0
2061;0;0;0
2064;209;240;449
2065;388;353;741
2066;313;225;538
2067;0;0;0
2068;72;78;150
2069;21;26;47
2071;21;13;34
2072;0;0;0
2073;0;0;0
2074;229;187;416
2075;353;297;650
2076;0;0;0
2078;202;218;420
2079;199;207;406
2081;178;143;321
2083;200;205;405
2084;239;231;470
2085;68;67;135
2086;0;0;0
2087;30;25;55
2089;31;23;54
2090;253;317;570
2091;483;400;883
2092;92;77;169
2093;2;3;5
2095;8;6;14
2096;46;55;101
2097;0;0;0
2098;0;0;0
2099;221;226;447
2100;0;0;0
2101;279;261;540
2102;0;686;686
2103;1024;71;1095
2104;845;894;1739
2105;872;396;1268
2106;0;0;0
2107;0;0;0
2108;0;0;0
2109;0;567;567
2110;1007;1355;2362
2111;239;372;611
2112;932;65;997
2114;1;1280;1281
2115;151;150;301
2116;354;206;560
2117;0;0;0
2118;299;170;469
2119;165;111;276
2120;531;477;1008
2121;0;1217;1217
2122;188;156;344
2123;556;302;858
2124;463;366;829
2125;125;122;247
2126;174;117;291
2129;388;381;769
2131;128;66;194
2132;139;131;270
2133;98;77;175
2134;209;243;452
2135;237;183;420
2136;147;107;254
2137;0;0;0
2138;70;65;135
2139;101;91;192
2140;196;188;384
2141;0;0;0
2143;140;125;265
2145;33;23;56
2146;61;41;102
2147;91;57;148
2148;0;0;0
2150;0;508;508
2151;362;297;659
2153;87;66;153
2155;244;242;486
2156;0;0;0
2159;453;355;808
2160;290;200;490
2162;154;106;260
2163;130;104;234
2164;334;312;646
2165;443;478;921
2166;508;493;1001
2167;138;99;237
2168;0;0;0
2169;0;0;0
2170;346;344;690
2171;201;211;412
2172;0;0;0
2173;0;0;0
2174;365;238;603
2177;0;0;0
2178;303;239;542
2179;479;375;854
2180;0;0;0
2182;188;122;310
2183;252;226;478
2184;27;19;46
2185;134;117;251
2186;0;0;0
2191;0;0;0
2193;0;0;0
2194;626;595;1221
2196;0;0;0
2197;0;0;0
2198;47;24;71
2200;899;876;1775
2201;0;0;0
2202;0;0;0
2203;0;0;0
2204;0;0;0
2205;101;124;225
2206;231;189;420
2207;291;266;557
2209;161;142;303
2210;180;146;326
2212;81;55;136
2214;0;0;0
2215;0;0;0
2217;307;320;627
2218;428;448;876
2219;167;110;277
2220;59;60;119
2222;243;237;480
2223;228;207;435
2224;193;161;354
2226;121;119;240
2227;75;73;148
2228;149;136;285
2229;0;0;0
2231;80;56;136
2232;62;66;128
2233;154;142;296
2234;350;360;710
2235;54;51;105
2236;36;31;67
2237;30;28;58
2238;27;19;46
2240;69;70;139
2243;19;10;29
2244;89;83;172
2246;41;27;68
2247;326;252;578
2248;90;112;202
2249;245;191;436
2250;138;92;230
2251;98;78;176
2253;0;0;0
2255;37;12;49
2257;16;10;26
2258;79;82;161
2259;451;459;910
2260;455;455;910
2262;327;324;651
2263;174;132;306
2264;94;69;163
2265;185;214;399
2266;111;120;231
2267;107;120;227
2268;41;34;75
2269;20;10;30
2270;0;0;0
2271;10;16;26
2272;0;0;0
2274;23;17;40
2275;158;153;311
2276;0;0;0
2277;0;0;0
2278;878;904;1782
2279;225;148;373
2280;243;366;609
2281;0;0;0
2282;76;59;135
2283;202;241;443
2284;371;410;781
2285;165;132;297
2286;472;464;936
2288;64;33;97
2289;212;218;430
2291;70;35;105
2292;108;77;185
2293;55;44;99
2294;142;126;268
2295;0;0;0
2296;68;80;148
2297;81;86;167
2298;0;0;0
2299;46;27;73
2300;98;105;203
2301;128;119;247
2302;93;80;173
2304;38;27;65
2307;30;27;57
2308;457;541;998
2309;372;414;786
2310;204;181;385
2311;123;115;238
2312;90;101;191
2313;96;103;199
2314;53;53;106
2317;0;0;0
2318;0;0;0
2319;344;340;684
2320;79;66;145
2321;75;73;148
2322;15;8;23
2324;113;125;238
2325;63;68;131
2326;349;442;791
2327;34;10;44
2328;61;32;93
2329;740;735;1475
2330;467;463;930
2331;38;39;77
2332;0;0;0
2333;88;62;150
2334;129;104;233
2335;39;32;71
2336;72;53;125
2338;66;49;115
2339;241;216;457
2341;3;4;7
2342;6;1;7
2343;28;20;48
2345;0;0;0
2346;0;0;0
2347;75;75;150
2348;62;62;124
2349;8;5;13
2350;4;4;8
2351;0;0;0
2352;6;5;11
2353;4;5;9
2355;1000;0;1000
2356;0;821;821
2358;52;35;87
2359;89;71;160
2360;77;68;145
2361;219;180;399
2362;99;112;211
2363;82;82;164
2364;97;75;172
2365;138;134;272
2366;26;20;46
2367;49;61;110
2369;0;0;0
2370;0;0;0
2372;11;13;24
2373;33;28;61
2374;30;37;67
2375;204;192;396
2376;0;0;0
2377;50;0;50
2378;165;148;313
2379;164;170;334
2380;111;91;202
2381;71;67;138
2383;0;0;0
2384;66;60;126
2386;201;211;412
2387;132;98;230
2388;107;126;233
2389;149;161;310
2390;77;74;151
2391;37;17;54
2392;36;24;60
2393;33;28;61
2394;13;13;26
2395;87;93;180
2396;10;10;20
2397;135;145;280
2398;73;60;133
2400;161;203;364
2401;217;72;289
2406;78;89;167
2407;73;65;138
2409;139;126;265
2410;33;13;46
2411;243;198;441
2412;279;262;541
2413;31;29;60
2414;117;112;229
2415;160;153;313
2416;154;110;264
2417;39;20;59
2419;110;93;203
2420;105;79;184
2422;469;397;866
2423;265;224;489
2424;89;83;172
2425;98;70;168
2426;174;147;321
2427;91;74;165
2428;110;108;218
2429;126;117;243
2430;0;0;0
2431;0;0;0
2432;134;155;289
2433;0;0;0
2436;4;2;6
2437;6;9;15
2438;24;22;46
2439;7;4;11
2440;5;10;15
2441;0;0;0
2442;0;696;696
2443;905;77;982
2444;382;321;703
2445;0;0;0
2446;0;0;0
2447;242;197;439
2448;65;139;204
2450;0;0;0
2451;0;0;0
2453;436;443;879
2454;694;865;1559
2455;528;815;1343
2456;283;188;471
2457;240;330;570
2458;212;114;326
2459;84;73;157
2460;56;49;105
2461;296;267;563
2462;99;80;179
2463;49;25;74
2464;29;20;49
2465;124;110;234
2467;80;73;153
2468;0;0;0
2469;65;57;122
2470;62;51;113
2471;83;56;139
2472;83;43;126
2473;0;0;0
2475;11;5;16
2476;73;58;131
2477;0;0;0
2480;0;0;0
2481;0;0;0
2482;471;518;989
2484;0;0;0
2485;387;134;521
2486;424;401;825
2487;188;176;364
2488;135;109;244
2489;124;115;239
2490;68;63;131
2491;60;64;124
2492;109;92;201
2493;108;107;215
2494;63;50;113
2495;84;88;172
2496;12;16;28
2498;91;57;148
2499;0;0;0
2500;27;19;46
2501;16;18;34
2503;0;0;0
2505;51;59;110
2506;21;24;45
2507;58;45;103
2508;61;62;123
2509;19;21;40
2510;0;0;0
2511;0;0;0
2513;52;49;101
2514;259;0;259
2517;112;84;196
2518;145;145;290
2519;70;82;152
2520;78;46;124
2521;58;52;110
2522;10;4;14
2523;68;72;140
2524;61;55;116
2525;113;122;235
2526;33;23;56
2527;86;74;160
2528;122;120;242
2529;39;21;60
2530;246;200;446
2531;335;421;756
2532;448;435;883
2534;4;1;5
2535;12;9;21
2536;10;9;19
2537;41;56;97
2538;59;56;115
2539;86;87;173
2540;14;16;30
2541;6;4;10
2542;92;78;170
2543;13;8;21
2544;12;7;19
2545;4;3;7
2546;0;2;2
2548;6;4;10
2549;73;6;79
2551;384;339;723
2552;531;673;1204
2553;370;369;739
2554;31;33;64
2555;102;81;183
2556;60;69;129
2557;15;9;24
2558;9;1;10
2559;164;122;286
2560;24;25;49
2561;35;32;67
2562;98;103;201
2563;34;28;62
2565;67;66;133
2566;116;112;228
2567;0;0;0
2568;6;11;17
2569;0;0;0
2570;40;35;75
2572;19;16;35
2573;0;0;0
2574;0;0;0
2575;4;6;10
2576;37;30;67
2577;39;39;78
2579;1770;30;1800
2580;0;881;881
2582;0;0;0
2583;150;128;278
2584;112;114;226
2586;0;0;0
2587;0;0;0
2588;0;0;0
2589;0;0;0
2590;3;6;9
2591;10;7;17
2592;5;6;11
2593;0;0;0
2594;11;12;23
2596;0;0;0
2597;0;0;0
2598;10;7;17
2599;85;86;171
2601;47;45;92
2602;0;0;0
2603;5;11;16
2604;8;3;11
2607;6;2;8
2609;0;2;2
2610;0;0;0
2611;199;177;376
2612;261;252;513
2613;66;62;128
2615;91;83;174
2617;0;0;0
2618;0;0;0
2620;0;0;0
2621;11;16;27
2622;8;8;16
2623;0;0;0
2624;12;11;23
2625;274;220;494
2626;200;185;385
2627;69;78;147
2629;10;18;28
2630;0;0;0
2632;0;0;0
2633;2;11;13
2634;8;5;13
2635;365;301;666
2636;83;61;144
2637;17;12;29
2639;2;2;4
2640;0;0;0
2641;0;0;0
2642;4;5;9
2643;4;7;11
2644;0;0;0
2646;10;6;16
2647;3;2;5
2648;0;0;0
2649;0;0;0
2650;58;43;101
2651;0;0;0
2652;6;3;9
2654;149;109;258
2655;3;1;4
2656;241;289;530
2657;145;131;276
2658;86;63;149
2660;112;119;231
2661;1;3;4
2663;0;0;0
2664;108;101;209
2665;0;0;0
2666;24;22;46
2667;0;0;0
2668;0;0;0
2669;0;0;0
2670;0;0;0
2671;0;0;0
2672;0;0;0
2673;8;2;10
2674;0;0;0
2675;0;0;0
2678;7;9;16
2679;0;0;0
2680;0;0;0
2681;124;118;242
2682;67;63;130
2684;0;0;0
2685;10;6;16
2686;55;37;92
2687;5;0;5
2688;0;0;0
2689;0;0;0
2690;0;0;0
2691;0;0;0
2692;5;4;9
2694;122;109;231
2697;0;0;0
2698;2;4;6
2699;0;0;0
2700;15;7;22
2701;75;64;139
2702;7;8;15
2703;10;10;20
2704;9;11;20
2705;3;4;7
2706;4;8;12
2707;92;96;188
2708;55;45;100
2710;0;0;0
2711;8;8;16
2713;0;0;0
2714;51;52;103
2715;125;133;258
2716;32;33;65
2717;55;38;93
2718;0;0;0
2719;2;5;7
2720;0;0;0
2721;5;8;13
2722;3;3;6
2723;3;2;5
2724;2;3;5
2725;4;5;9
2727;1;1;2
2728;8;5;13
2729;0;0;0
2730;65;34;99
2731;210;0;210
2732;93;104;197
2733;53;26;79
2734;307;292;599
2735;98;61;159
2736;458;443;901
2737;82;83;165
2738;0;408;408
2739;0;0;0
2740;191;143;334
2741;192;0;192
2742;275;207;482
2744;556;452;1008
2745;224;188;412
2747;69;42;111
2748;173;124;297
2749;90;77;167
2750;47;19;66
2751;206;163;369
2753;275;242;517
2754;32;22;54
2755;127;90;217
2756;113;92;205
2758;88;63;151
2759;13;4;17
2761;116;92;208
2762;47;25;72
2763;40;30;70
2764;72;48;120
2765;14;21;35
2766;20;17;37
2767;39;25;64
2768;7;5;12
2769;0;0;0
2770;0;0;0
2771;20;18;38
2772;0;0;0
2773;0;0;0
2775;0;0;0
2776;56;65;121
2777;0;0;0
2778;0;0;0
2779;0;0;0
2780;35;26;61
2781;0;0;0
2782;848;850;1698
2784;0;0;0
2785;385;320;705
2786;552;570;1122
2787;532;469;1001
2789;385;339;724
2790;182;170;352
2793;790;443;1233
2794;214;206;420
2795;307;255;562
2796;135;130;265
2797;0;0;0
2799;51;48;99
2800;56;42;98
2801;87;87;174
2802;163;149;312
2803;156;130;286
2804;95;68;163
2805;103;55;158
2806;41;49;90
2808;0;0;0
2809;26;19;45
2812;0;0;0
2813;0;0;0
2814;79;56;135
2815;0;0;0
2816;21;19;40
2817;175;158;333
2818;0;0;0
2819;9;6;15
2820;42;40;82
2821;21;8;29
2822;98;112;210
2823;198;206;404
2825;103;63;166
2826;108;115;223
2827;64;62;126
2828;0;0;0
2829;15;22;37
2830;49;50;99
2831;19;28;47
2832;27;18;45
2833;63;27;90
2834;0;0;0
2835;191;275;466
2836;181;89;270
2837;0;0;0
2839;247;187;434
2840;109;182;291
2842;78;56;134
2843;92;68;160
2844;60;35;95
2845;169;166;335
2846;16;10;26
2847;230;194;424
2848;89;59;148
2849;0;0;0
2850;11;9;20
2851;4;1;5
2852;0;0;0
2854;16;14;30
2856;3;2;5
2857;0;0;0
2858;4;5;9
2859;195;133;328
2860;16;14;30
2861;13;12;25
2862;313;424;737
2863;416;359;775
2864;0;0;0
2865;209;131;340
2866;159;151;310
2867;218;212;430
2868;96;58;154
2870;151;134;285
2871;177;157;334
2873;85;91;176
2874;1;1;2
2875;51;45;96
2876;48;53;101
2877;22;12;34
2878;0;0;0
2879;4;7;11
2880;0;0;0
2882;262;257;519
2883;80;74;154
2884;61;60;121
2885;15;6;21
2887;0;0;0
2888;9;16;25
2889;0;0;0
2890;3;6;9
2891;0;0;0
2892;11;5;16
2893;8;6;14
2894;100;95;195
2895;13;16;29
2896;304;352;656
2898;0;0;0
2900;0;0;0
2901;24;30;54
2902;0;0;0
2903;94;82;176
2904;0;0;0
2906;0;0;0
2907;6;10;16
2908;39;36;75
2909;77;86;163
2910;132;145;277
2911;47;48;95
2912;0;0;0
2913;0;0;0
2914;19;18;37
2915;0;0;0
2916;1;0;1
2917;198;172;370
2918;49;47;96
2920;116;115;231
2921;22;8;30
2923;0;0;0
2925;0;0;0
2926;0;0;0
2927;140;107;247
2928;1;1;2
2929;0;0;0
2930;354;395;749
2931;202;215;417
2932;68;36;104
2933;30;14;44
2934;228;826;1054
2935;535;1009;1544
2937;620;41;661
2938;723;819;1542
2939;94;57;151
2940;157;96;253
2941;101;96;197
2942;708;508;1216
2943;64;47;111
2944;2;703;705
2945;176;129;305
2946;244;166;410
2947;46;9;55
2948;585;403;988
2949;521;484;1005
2950;175;118;293
2951;96;69;165
2952;82;42;124
2954;0;0;0
2955;91;66;157
2956;363;317;680
2957;250;199;449
2958;308;198;506
2959;141;138;279
2960;0;0;0
2961;232;30;262
2964;396;357;754
2965;204;198;402
2966;67;78;145
2968;122;60;182
2972;217;202;419
2973;1089;1151;2240
2974;29;22;51
2975;95;85;180
2976;0;0;0
2977;80;82;162
2978;164;147;311
2979;179;178;357
2980;45;41;86
2981;77;79;156
2983;58;27;85
2985;0;0;0
2986;57;31;88
2989;51;42;93
2990;397;397;794
2991;536;431;967
2992;771;697;1468
2993;140;132;272
2994;90;59;149
2995;811;724;1535
2996;0;0;0
2997;527;332;859
2999;181;157;338
3002;0;393;393
3003;205;191;396
3005;0;684;684
3006;2018;1;2019
3007;0;0;0
3008;84;42;126
3009;0;0;0
3010;148;90;238
3011;0;0;0
3012;482;519;1001
3013;513;404;917
3014;614;577;1191
3015;355;499;854
3016;213;178;391
3017;384;390;774
3019;142;123;265
3020;78;77;155
3022;39;41;80
3023;72;52;124
3024;17;6;23
3025;100;66;166
3026;9;7;16
3027;0;0;0
3028;35;31;66
3029;35;22;57
3030;9;14;23
3032;38;44;82
3033;411;392;803
3034;132;117;249
3036;18;13;31
3037;147;149;296
3038;31;25;56
3039;155;154;309
3040;0;0;0
3042;24;13;37
3043;0;0;0
3044;0;0;0
3045;35;34;69
3046;0;0;0
3047;16;5;21
3048;12;7;19
3050;0;0;0
3051;13;9;22
3053;0;0;0
3055;261;227;488
3056;305;290;595
3057;67;53;120
3058;81;89;170
3059;181;192;373
3060;250;258;508
3061;46;40;86
3062;37;38;75
3063;83;57;140
3065;49;41;90
3067;20;13;33
3068;36;26;62
3069;93;81;174
3070;108;72;180
3073;23;12;35
3076;17;14;31
3077;4;4;8
3078;0;0;0
3079;20;12;32
3080;0;0;0
3081;58;43;101
3082;2;2;4
3084;7;5;12
3085;49;30;79
3086;68;61;129
3088;2;4;6
3090;74;68;142
3091;0;0;0
3092;3;1;4
3093;3;7;10
3094;0;0;0
3095;0;0;0
3096;83;53;136
3098;0;0;0
3099;0;0;0
3100;0;0;0
3103;0;0;0
3104;8;10;18
3105;0;0;0
3106;24;35;59
3107;39;33;72
3108;258;351;609
3110;292;257;549
3111;325;287;612
3112;93;61;154
3113;127;124;251
3114;143;138;281
3115;72;61;133
3117;96;69;165
3118;44;52;96
3119;1;1;2
3121;5;5;10
3122;39;24;63
3123;3;3;6
3124;9;5;14
3125;6;4;10
3126;52;179;231
3127;279;75;354
3128;317;281;598
3129;2;0;2
3130;50;53;103
3131;0;0;0
3132;0;0;0
3134;25;20;45
3136;0;0;0
3137;0;0;0
3138;264;215;479
3139;34;34;68
3140;47;37;84
3141;2;3;5
3143;106;83;189
3146;3;3;6
3154;0;0;0
3156;4;0;4
3157;0;0;0
3158;6;7;13
3159;4;1;5
3161;3;0;3
3162;0;0;0
3163;393;288;681
3165;342;385;727
3166;312;225;537
3167;0;0;0
3168;141;95;236
3169;521;346;867
3170;57;44;101
3171;0;0;0
3172;270;241;511
3173;263;256;519
3174;61;51;112
3175;0;0;0
3176;27;15;42
3177;3;2;5
3179;3;1;4
3182;0;0;0
3183;0;0;0
3184;0;0;0
3185;103;109;212
3186;1;0;1
3187;4;2;6
3188;0;0;0
3189;1;2;3
3190;2;1;3
3191;24;30;54
3192;0;0;0
3193;0;0;0
3194;0;0;0
3196;1;0;1
3197;0;0;0
3198;2;2;4
3199;0;0;0
3201;0;410;410
3202;609;559;1168
3203;406;395;801
3204;206;225;431
3205;158;117;275
3206;33;30;63
3207;254;210;464
3208;3;1;4
3209;88;99;187
3210;0;0;0
3211;0;0;0
3212;12;9;21
3213;2;1;3
3215;1;4;5
3216;4;2;6
3217;16;18;34
3218;0;0;0
3219;7;4;11
3220;0;0;0
3221;1;5;6
3222;1;2;3
3223;0;5;5
3224;0;0;0
3225;3;3;6
3226;0;0;0
3229;0;2;2
3230;7;3;10
3232;1;0;1
3233;3;3;6
3234;0;0;0
3235;1;5;6
3236;1;1;2
3238;43;26;69
3239;0;2;2
3240;2;5;7
3241;0;0;0
3242;2;2;4
3243;121;0;121
3244;59;44;103
3247;731;751;1482
3248;727;692;1419
3249;260;274;534
3250;129;84;213
3251;389;291;680
3252;359;516;875
3253;77;47;124
3254;0;0;0
3255;131;88;219
3256;350;266;616
3257;78;55;133
3258;226;186;412
3260;112;83;195
3261;130;118;248
3263;76;51;127
3264;89;78;167
3265;13;9;22
3266;92;80;172
3267;277;236;513
3268;210;201;411
3269;124;105;229
3270;59;34;93
3271;4;8;12
3272;4;0;4
3273;37;38;75
3274;3;0;3
3275;0;0;0
3277;4;1;5
3278;4;2;6
3279;0;0;0
3280;0;0;0
3281;0;0;0
3282;6;5;11
3283;0;0;0
3284;1;1;2
3285;106;66;172
3286;1;0;1
3287;1;1;2
3288;4;1;5
3289;3;7;10
3290;117;920;1037
3291;135;93;228
3292;197;182;379
3294;273;188;461
3295;0;0;0
3296;1043;603;1646
3297;137;120;257
3298;572;622;1194
3299;99;74;173
3300;612;609;1221
3301;0;0;0
3302;1;961;962
3303;523;450;973
3304;453;368;821
3305;298;148;446
3306;0;0;0
3308;389;299;688
3310;174;133;307
3311;332;247;579
3313;272;232;504
3314;101;121;222
3315;89;83;172
3316;69;68;137
3317;144;126;270
3318;47;30;77
3319;82;99;181
3320;19;7;26
3321;44;48;92
3322;4;3;7
3323;105;84;189
3325;56;56;112
3327;220;60;280
3328;251;245;496
3329;125;100;225
3330;72;63;135
3331;0;0;0
3332;117;87;204
3333;68;68;136
3334;171;140;311
3335;191;222;413
3336;15;27;42
3337;15;12;27
3338;31;28;59
3339;0;0;0
3340;16;13;29
3341;0;0;0
3342;0;0;0
3344;3;0;3
3345;38;30;68
3346;7;8;15
3347;130;150;280
3348;232;244;476
3349;207;193;400
3350;0;0;0
3351;0;0;0
3352;70;66;136
3353;79;59;138
3354;108;78;186
3355;62;42;104
3356;136;131;267
3358;48;41;89
3359;110;102;212
3361;109;106;215
3362;143;125;268
3363;0;0;0
3364;21;28;49
3365;62;70;132
3366;14;9;23
3367;6;7;13
3368;49;43;92
3369;3;1;4
3370;0;0;0
3371;38;39;77
3373;34;40;74
3375;1;3;4
3376;77;69;146
3377;7;6;13
3378;1;1;2
3379;0;0;0
3380;0;0;0
3381;69;62;131
3382;88;79;167
3383;8;5;13
3384;0;2;2
3385;25;25;50
3386;0;0;0
3387;307;261;568
3389;109;100;209
3390;225;231;456
3393;179;145;324
3395;193;180;373
3396;140;131;271
3397;0;0;0
3398;151;109;260
3399;0;0;0
3400;68;64;132
3401;81;73;154
3402;65;47;112
3403;0;0;0
3404;52;48;100
3405;15;11;26
3406;9;0;9
3408;31;28;59
3409;0;0;0
3411;8;2;10
3412;0;0;0
3413;9;13;22
3415;0;0;0
3417;2;0;2
3418;5;3;8
3419;4;3;7
3420;0;0;0
3421;4;2;6
3423;0;0;0
3425;0;0;0
3426;0;0;0
3427;0;0;0
3428;0;0;0
3429;9;1;10
3430;255;296;551
3431;524;563;1087
3432;633;667;1300
3433;295;336;631
3434;405;393;798
3435;230;184;414
3436;89;78;167
3437;57;35;92
3439;10;10;20
3440;17;24;41
3442;104;107;211
3443;191;160;351
3444;1;1;2
3445;49;41;90
3446;0;0;0
3447;3;1;4
3448;48;30;78
3449;9;10;19
3450;24;21;45
3451;4;1;5
3452;5;2;7
3453;19;20;39
3454;61;49;110
3456;0;0;0
3457;3;3;6
3458;19;23;42
3459;16;19;35
3460;288;277;565
3461;97;90;187
3462;222;191;413
3463;22;16;38
3464;155;142;297
3465;68;52;120
3466;100;87;187
3467;34;27;61
3468;30;27;57
3470;103;84;187
3471;84;79;163
3473;0;0;0
3474;0;0;0
3475;96;67;163
3476;0;0;0
3477;0;0;0
3478;83;121;204
3479;706;578;1284
3480;293;229;522
3481;178;148;326
3482;92;49;141
3483;289;238;527
3484;33;34;67
3487;0;0;0
3488;26;39;65
3489;39;34;73
3490;116;100;216
3491;62;70;132
3492;114;104;218
3494;69;51;120
3495;85;68;153
3496;0;0;0
3497;78;80;158
3499;0;0;0
3501;0;0;0
3502;7;2;9
3503;0;0;0
3504;0;0;0
3506;7;3;10
3507;0;0;0
3508;0;0;0
3509;0;0;0
3511;0;0;0
3512;0;0;0
3513;3;0;3
3514;0;0;0
3515;28;16;44
3516;0;0;0
3517;25;24;49
3518;1;8;9
3520;16;18;34
3521;0;0;0
3523;6;5;11
3524;0;0;0
3525;0;0;0
3526;1;7;8
3527;8;6;14
3528;0;0;0
3529;0;0;0
3530;467;591;1058
3531;516;573;1089
3532;177;199;376
3533;541;627;1168
3534;0;0;0
3535;100;3;103
3537;53;22;75
3538;612;617;1229
3539;353;485;838
3540;345;229;574
3541;275;287;562
3542;0;0;0
3544;123;126;249
3545;212;190;402
3546;255;242;497
3548;112;70;182
3549;208;164;372
3550;14;11;25
3551;91;72;163
3552;58;42;100
3554;32;26;58
3555;35;26;61
3559;0;0;0
3562;0;0;0
3564;2;6;8
3566;1;3;4
3568;1;0;1
3569;9;12;21
3571;0;0;0
3573;18;11;29
3574;0;0;0
3575;0;0;0
3576;0;0;0
3577;0;0;0
3578;0;0;0
3579;1;4;5
3580;7;9;16
3581;0;0;0
3582;3;0;3
3583;2;2;4
3585;0;0;0
3586;2;3;5
3587;0;0;0
3588;11;7;18
3594;4;1;5
3596;2;4;6
3599;4;5;9
3600;0;0;0
3601;5;5;10
3602;21;12;33
3604;8;5;13
3605;0;0;0
3607;0;0;0
3608;470;514;984
3609;461;452;913
3610;159;135;294
3611;68;102;170
3612;7;5;12
3613;0;0;0
3614;11;3;14
3615;7;4;11
3616;10;13;23
3618;138;122;260
3619;144;144;288
3621;159;180;339
3622;94;84;178
3623;31;39;70
3624;10;10;20
3625;17;6;23
3626;12;8;20
3627;0;0;0
3628;0;0;0
3629;3;2;5
3630;15;11;26
3631;10;14;24
3632;4;3;7
3633;5;3;8
3635;0;0;0
3636;7;6;13
3637;0;0;0
3638;360;509;869
3639;185;100;285
3640;525;560;1085
3641;646;38;684
3642;0;533;533
3643;62;56;118
3644;108;0;108
3645;151;164;315
3646;0;0;0
3647;0;0;0
3649;55;27;82
3650;32;21;53
3652;0;0;0
3653;67;47;114
3654;291;290;581
3655;0;0;0
3656;214;216;430
3657;261;208;469
3658;21;17;38
3659;130;109;239
3660;61;44;105
3661;0;0;0
3662;305;277;582
3663;447;354;801
3664;72;83;155
3666;36;27;63
3667;56;57;113
3668;105;105;210
3669;113;127;240
3670;339;294;633
3671;136;136;272
3672;84;72;156
3673;87;73;160
3674;46;25;71
3675;90;52;142
3676;0;0;0
3677;118;118;236
3678;46;33;79
3680;0;0;0
3681;50;49;99
3683;66;64;130
3684;0;0;0
3685;109;95;204
3686;43;54;97
3687;16;16;32
3688;0;0;0
3689;0;0;0
3690;0;0;0
3691;24;18;42
3692;0;0;0
3693;0;0;0
3694;5;3;8
3695;0;0;0
3697;14;10;24
3698;40;31;71
3699;0;0;0
3700;0;0;0
3702;0;0;0
3703;49;58;107
3704;45;23;68
3705;0;0;0
3706;0;0;0
3707;61;59;120
3708;0;0;0
3709;22;13;35
3710;16;10;26
3711;0;895;895
3712;0;0;0
3713;1092;1010;2102
3714;294;319;613
3716;64;51;115
3717;358;356;714
3718;645;835;1480
3719;318;325;643
3720;192;246;438
3722;0;0;0
3723;551;489;1040
3724;519;458;977
3725;51;29;80
3726;133;133;266
3727;20;21;41
3728;437;341;778
3730;280;280;560
3731;139;107;246
3733;142;149;291
3734;218;176;394
3735;340;325;665
3736;0;0;0
3737;0;0;0
3738;0;0;0
3739;192;89;281
3740;145;135;280
3741;48;71;119
3742;435;281;716
3743;301;268;569
3744;128;116;244
3745;157;127;284
3747;41;0;41
3748;44;23;67
3749;70;49;119
3750;0;0;0
3751;0;0;0
3752;0;0;0
3753;0;0;0
3754;30;21;51
3755;83;69;152
3756;0;0;0
3757;19;12;31
3758;34;59;93
3759;64;58;122
3760;77;55;132
3761;0;0;0
3762;104;101;205
3764;0;0;0
3765;0;0;0
3766;6;7;13
3767;0;0;0
3768;125;116;241
3769;0;0;0
3770;0;0;0
3771;0;0;0
3772;0;0;0
3773;0;0;0
3774;0;0;0
3775;0;0;0
3776;18;10;28
3778;0;0;0
3779;0;0;0
3781;25;17;42
3782;81;92;173
3783;13;8;21
3784;19;24;43
3785;22;15;37
3786;77;77;154
3787;0;0;0
3788;0;0;0
3789;0;0;0
3790;0;0;0
3791;0;5;5
3792;0;0;0
3793;0;0;0
3795;444;517;961
3796;540;592;1132
3797;581;735;1316
3798;76;61;137
3799;117;110;227
3800;77;69;146
3801;58;61;119
3802;287;293;580
3803;0;0;0
3804;46;42;88
3805;0;0;0
3806;0;0;0
3807;0;0;0
3808;3;6;9
3809;0;0;0
3810;0;0;0
3811;0;0;0
3812;0;0;0
3814;15;14;29
3815;65;50;115
3816;0;0;0
3817;0;0;0
3818;23;20;43
3819;0;0;0
3820;36;36;72
3821;0;0;0
3822;0;0;0
3823;301;286;587
3824;0;0;0
3825;0;0;0
3826;0;0;0
3828;6;8;14
3829;9;3;12
3831;82;91;173
3832;8;7;15
3833;11;27;38
3834;0;0;0
3835;194;194;388
3836;48;61;109
3837;18;15;33
3838;30;14;44
3839;110;101;211
3840;46;45;91
3841;68;50;118
3842;99;71;170
3843;157;160;317
3845;0;0;0
3846;8;6;14
3847;0;0;0
3848;0;0;0
3849;67;28;95
3850;2;4;6
3851;0;3;3
3852;9;9;18
3853;10;4;14
3854;1;4;5
3855;88;61;149
3856;92;46;138
3857;10;10;20
3859;6;2;8
3860;0;0;0
3862;0;0;0
3863;0;0;0
3864;0;0;0
3865;292;318;610
3866;189;212;401
3867;32;27;59
3868;0;0;0
3869;5;6;11
3870;2;0;2
3871;197;173;370
3872;120;101;221
3874;31;32;63
3876;16;18;34
3877;7;6;13
3878;0;0;0
3879;0;0;0
3880;2;1;3
3881;0;0;0
3882;3;8;11
3883;34;22;56
3884;19;12;31
3885;290;345;635
3886;187;164;351
3887;159;141;300
3888;160;128;288
3890;53;46;99
3891;29;12;41
3893;0;0;0
3894;5;2;7
3895;0;0;0
3896;0;0;0
3897;19;23;42
3898;12;8;20
3899;49;40;89
3900;13;14;27
3901;0;0;0
3902;0;0;0
3903;27;22;49
3904;4;4;8
3905;0;0;0
3906;28;13;41
3907;324;396;720
3909;335;380;715
3910;390;434;824
3912;33;30;63
3913;58;56;114
3914;20;15;35
3915;0;0;0
3916;37;12;49
3917;2;2;4
3918;19;17;36
3919;0;0;0
3920;5;6;11
3921;5;4;9
3922;24;14;38
3923;0;0;0
3924;2;4;6
3926;5;4;9
3927;4;5;9
3928;0;0;0
3929;0;0;0
3930;6;5;11
3931;2;3;5
3932;1;6;7
3933;0;0;0
3934;2;5;7
3935;36;34;70
3936;0;0;0
3937;6;6;12
3938;38;0;38
3940;276;228;504
3941;197;178;375
3943;0;0;0
3944;0;0;0
3945;2;3;5
3947;3;1;4
3948;13;10;23
3949;12;8;20
3950;0;0;0
3951;0;0;0
3952;3;3;6
3953;0;0;0
3954;0;0;0
3955;43;41;84
3957;54;35;89
3958;2;1;3
3959;2;0;2
3960;274;312;586
3961;193;135;328
3962;6;2;8
3963;0;0;0
3964;2;1;3
3965;1;0;1
3966;9;4;13
3967;42;46;88
3968;3;6;9
3969;0;0;0
3970;1;0;1
3971;31;33;64
3972;65;75;140
3974;44;30;74
3975;10;7;17
3976;268;258;526
3977;402;359;761
3978;66;52;118
3979;50;0;50
3980;91;94;185
3981;79;92;171
3982;58;58;116
3983;63;58;121
3984;69;71;140
3985;0;0;0
3986;0;0;0
3988;3;2;5
3989;1;2;3
3991;20;27;47
3992;9;11;20
3993;0;0;0
3994;0;0;0
3995;28;23;51
3996;0;0;0
3997;16;12;28
3998;149;135;284
3999;236;190;426
4000;194;182;376
4001;24;39;63
4002;131;114;245
4003;14;8;22
4004;0;0;0
4005;81;63;144
4006;25;18;43
4008;0;0;0
4009;0;0;0
4011;0;0;0
4012;0;0;0
4013;0;0;0
4014;0;0;0
4015;0;0;0
4016;26;17;43
4017;2;7;9
4018;0;0;0
4019;124;89;213
4020;0;0;0
4021;0;0;0
4022;4;6;10
4023;0;0;0
4025;109;116;225
4026;23;29;52
4027;30;25;55
4028;0;0;0
4029;43;45;88
4030;11;11;22
4031;0;0;0
4032;187;165;352
4033;0;0;0
4034;38;33;71
4035;0;0;0
4036;0;0;0
4037;3;3;6
4039;11;5;16
4040;10;8;18
4042;0;0;0
4043;153;152;305
4044;0;0;0
4045;0;0;0
4046;0;0;0
4047;0;0;0
4048;276;258;534
4049;390;416;806
4050;267;265;532
4051;64;76;140
4052;59;51;110
4054;4;2;6
4056;0;0;0
4057;0;0;0
4058;1;1;2
4059;36;30;66
4060;0;0;0
4061;39;23;62
4062;16;10;26
4063;0;0;0
4064;7;5;12
4065;0;0;0
4067;3;6;9
4068;3;6;9
4070;45;34;79
4071;114;111;225
4073;5;2;7
4074;2;1;3
4075;0;0;0
4076;27;28;55
4077;3;0;3
4078;0;0;0
4079;4;2;6
4080;0;0;0
4081;2;2;4
4082;0;0;0
4083;0;0;0
4084;90;68;158
4085;5;9;14
4087;46;62;108
4088;4;1;5
4089;3;3;6
4090;9;7;16
4091;4;7;11
4092;1;0;1
4093;1;1;2
4094;9;6;15
4095;4;1;5
4096;7;4;11
4097;0;4;4
4098;0;0;0
4099;0;0;0
4100;2;1;3
4101;5;8;13
4102;232;232;464
4103;206;205;411
4104;222;221;443
4106;10;0;10
4107;7;2;9
4108;0;0;0
4109;0;0;0
4110;0;0;0
4111;0;0;0
4112;14;4;18
4113;0;0;0
4114;0;0;0
4115;0;0;0
4116;1;0;1
4117;0;0;0
4118;0;0;0
4120;0;0;0
4121;0;0;0
4123;0;0;0
4124;102;111;213
4125;25;38;63
4126;0;0;0
4127;0;0;0
4128;14;12;26
4129;0;0;0
4130;14;20;34
4131;9;8;17
4132;0;0;0
4133;8;10;18
4134;39;33;72
4135;0;0;0
4137;0;0;0
4138;0;0;0
4139;44;38;82
4140;682;723;1405
4141;209;173;382
4142;17;18;35
4143;0;0;0
4144;0;0;0
4145;0;0;0
4146;60;55;115
4147;0;0;0
4148;8;4;12
4149;0;0;0
4150;15;6;21
4151;0;0;0
4152;0;0;0
4154;20;12;32
4155;19;7;26
4156;0;0;0
4157;0;0;0
4158;43;26;69
4159;0;0;0
4160;653;555;1208
4161;0;0;0
4162;663;850;1513
4163;668;896;1564
4164;433;602;1035
4165;855;84;939
4166;2;909;911
4168;267;0;267
4169;540;325;865
4171;211;163;374
4172;0;421;421
4173;336;222;558
4174;262;215;477
4175;346;269;615
4176;3;977;980
4177;64;47;111
4178;0;0;0
4179;367;349;716
4180;250;226;476
4181;158;98;256
4182;0;0;0
4183;91;104;195
4185;253;201;454
4186;171;122;293
4187;83;46;129
4188;43;26;69
4189;103;87;190
4190;269;270;539
4191;91;75;166
4192;0;0;0
4193;15;15;30
4194;38;45;83
4195;163;176;339
4196;0;0;0
4197;100;71;171
4199;78;61;139
4200;131;123;254
4201;104;99;203
4202;9;4;13
4204;102;83;185
4205;198;182;380
4206;0;0;0
4207;84;75;159
4208;0;0;0
4209;0;0;0
4210;25;23;48
4211;0;0;0
4212;39;38;77
4213;0;0;0
4214;0;0;0
4215;0;0;0
4216;8;5;13
4218;0;0;0
4219;0;0;0
4221;60;33;93
4222;0;0;0
4223;0;0;0
4224;0;0;0
4225;0;0;0
4226;0;0;0
4227;0;0;0
4228;5;5;10
4229;0;0;0
4230;0;0;0
4231;63;52;115
4232;0;0;0
4233;0;0;0
4235;121;123;244
4236;0;0;0
4237;0;0;0
4238;0;0;0
4239;0;0;0
4240;0;0;0
4241;12;13;25
4242;0;0;0
4243;0;0;0
4244;0;0;0
4245;0;0;0
4246;0;0;0
4247;0;0;0
4249;0;0;0
4250;0;0;0
4252;0;0;0
4253;0;0;0
4254;81;63;144
4255;117;82;199
4256;0;0;0
4257;0;0;0
4258;123;96;219
4259;223;178;401
4260;33;20;53
4261;0;0;0
4262;465;407;872
4263;297;413;710
4264;0;0;0
4266;362;334;696
4267;0;0;0
4268;215;200;415
4269;409;374;783
4270;142;125;267
4271;0;0;0
4272;93;71;164
4273;0;0;0
4274;0;0;0
4275;185;181;366
4276;0;0;0
4277;847;858;1705
4278;0;0;0
4280;118;121;239
4281;31;28;59
4283;0;0;0
4284;0;0;0
4285;640;666;1306
4286;365;432;797
4287;311;111;422
4288;380;351;731
4289;304;282;586
4290;84;55;139
4291;0;0;0
4292;126;144;270
4293;0;0;0
4294;0;0;0
4295;8;11;19
4297;10;0;10
4298;3;2;5
4299;5;4;9
4300;4;2;6
4302;7;8;15
4303;0;3;3
4304;2;4;6
4305;4;2;6
4306;21;8;29
4307;515;561;1076
4308;183;136;319
4309;178;159;337
4310;182;139;321
4311;49;54;103
4312;72;64;136
4313;0;0;0
4314;1;1;2
4316;2;0;2
4317;7;5;12
4319;0;0;0
4320;2;0;2
4321;3;1;4
4322;2;0;2
4323;1;0;1
4324;295;274;569
4325;0;0;0
4326;0;0;0
4327;10;6;16
4328;3;8;11
4330;13;17;30
4331;254;239;493
4333;199;185;384
4334;113;102;215
4335;1;2;3
4336;0;0;0
4337;1;5;6
4338;3;10;13
4339;4;2;6
4340;3;2;5
4341;5;0;5
4342;3;5;8
4343;0;0;0
4344;0;0;0
4345;5;2;7
4347;1;1;2
4348;31;26;57
4349;0;0;0
4350;0;0;0
4351;0;0;0
4352;154;150;304
4353;196;208;404
4354;175;167;342
4355;34;33;67
4356;42;50;92
4357;35;34;69
4358;64;71;135
4359;51;42;93
4360;0;0;0
4361;10;13;23
4362;0;0;0
4364;0;0;0
4365;14;11;25
4366;0;0;0
4367;0;0;0
4368;12;13;25
4369;0;0;0
4370;0;0;0
4372;22;16;38
4373;0;0;0
4374;59;62;121
4375;82;84;166
4376;0;0;0
4378;0;0;0
4379;75;66;141
4381;25;18;43
4382;277;307;584
4383;0;0;0
4384;27;33;60
4385;0;0;0
4386;7;18;25
4387;75;55;130
4388;0;0;0
4389;38;30;68
4390;0;0;0
4391;47;38;85
4392;176;143;319
4393;20;20;40
4395;4;0;4
4396;9;10;19
4397;7;1;8
4398;4;1;5
4399;0;0;0
4400;0;0;0
4401;0;0;0
4402;18;17;35
4403;16;0;16
4404;333;365;698
4405;270;272;542
4406;338;414;752
4407;136;127;263
4408;213;203;416
4409;171;138;309
4410;151;166;317
4411;0;0;0
4412;15;8;23
4414;17;22;39
4415;0;0;0
4416;0;0;0
4417;8;6;14
4418;0;0;0
4419;5;10;15
4420;0;0;0
4421;1;3;4
4422;0;0;0
4423;0;0;0
4424;0;0;0
4425;0;0;0
4426;5;1;6
4428;0;0;0
4429;0;0;0
4431;0;0;0
4432;9;5;14
4433;6;3;9
4434;0;0;0
4435;9;7;16
4436;7;9;16
4437;11;11;22
4438;0;0;0
4439;0;0;0
4440;0;0;0
4441;24;8;32
4442;0;0;0
4443;179;160;339
4445;2;0;2
4446;504;467;971
4447;85;73;158
4448;103;104;207
4449;102;82;184
4450;0;0;0
4451;541;439;980
4452;427;373;800
4453;145;101;246
4454;261;265;526
4455;263;227;490
4456;35;35;70
4457;0;0;0
4459;1;2;3
4460;3;0;3
4462;0;1;1
4463;0;0;0
4464;0;0;0
4465;0;0;0
4466;7;0;7
4467;4;0;4
4468;0;0;0
4469;4;3;7
4470;2;3;5
4471;3;4;7
4472;3;5;8
4473;0;0;0
4474;2;3;5
4476;2;1;3
4477;0;0;0
4478;2;4;6
4479;2;0;2
4480;8;6;14
4481;173;153;326
4482;445;430;875
4483;612;575;1187
4484;41;38;79
4485;70;61;131
4486;50;38;88
4487;0;0;0
4488;0;0;0
4490;0;0;0
4491;0;0;0
4493;0;0;0
4494;0;0;0
4495;3;4;7
4496;55;43;98
4497;90;64;154
4498;0;0;0
4499;25;12;37
4500;185;145;330
4501;0;0;0
4502;2;4;6
4503;10;11;21
4504;0;0;0
4505;162;181;343
4506;198;153;351
4507;235;203;438
4509;135;121;256
4510;8;4;12
4512;48;42;90
4513;59;57;116
4514;28;22;50
4516;0;0;0
4517;0;2;2
4518;0;0;0
4519;0;0;0
4520;0;0;0
4521;0;0;0
4522;0;0;0
4524;0;0;0
4526;0;0;0
4527;6;13;19
4528;0;0;0
4529;0;0;0
4530;299;288;587
4531;632;574;1206
4532;0;0;0
4533;0;862;862
4534;619;653;1272
4535;730;37;767
4536;0;403;403
4537;0;0;0
4538;0;0;0
4540;57;65;122
4541;0;0;0
4543;60;47;107
4544;0;17;17
4545;0;0;0
4546;60;43;103
4547;0;0;0
4548;141;93;234
4549;0;0;0
4550;52;30;82
4551;14;10;24
4553;1;801;802
4554;55;25;80
4555;394;0;394
4557;120;74;194
4558;68;83;151
4559;29;43;72
4560;114;103;217
4561;54;26;80
4562;154;109;263
4563;92;72;164
4564;869;723;1592
4565;274;168;442
4566;0;0;0
4567;0;0;0
4568;0;0;0
4569;144;134;278
4570;0;0;0
4571;219;196;415
4572;250;158;408
4574;0;891;891
4575;290;202;492
4576;115;88;203
4577;106;97;203
4578;293;252;545
4579;178;156;334
4580;0;0;0
4581;89;52;141
4582;56;42;98
4583;0;0;0
4584;75;58;133
4585;180;145;325
4586;121;108;229
4588;552;464;1016
4589;143;122;265
4591;283;267;550
4592;134;85;219
4593;112;74;186
4594;316;301;617
4595;228;220;448
4596;0;0;0
4597;30;27;57
4598;0;0;0
4599;0;0;0
4600;0;0;0
4601;0;0;0
4602;0;0;0
4603;64;43;107
4604;0;0;0
4605;0;0;0
4607;0;0;0
4608;0;0;0
4609;90;76;166
4610;0;0;0
4611;144;132;276
4612;60;32;92
4613;47;30;77
4614;103;103;206
4615;217;232;449
4616;221;202;423
4617;300;232;532
4618;0;0;0
4619;0;0;0
4620;0;0;0
4621;0;0;0
4622;59;54;113
4625;0;0;0
4626;417;447;864
4627;281;286;567
4628;112;103;215
4629;150;234;384
4630;0;1350;1350
4631;832;845;1677
4632;0;0;0
4633;127;91;218
4634;0;0;0
4635;179;153;332
4636;285;212;497
4638;15;14;29
4639;61;31;92
4641;356;254;610
4642;0;0;0
4643;0;0;0
4644;731;676;1407
4645;112;120;232
4646;591;618;1209
4647;85;89;174
4648;110;69;179
4649;365;370;735
4650;133;151;284
4651;0;0;0
4652;0;0;0
4653;0;0;0
4655;146;172;318
4656;433;449;882
4657;0;0;0
4658;278;315;593
4659;264;778;1042
4660;138;159;297
4661;0;0;0
4662;922;840;1762
4663;329;1395;1724
4664;554;625;1179
4665;157;120;277
4666;524;477;1001
4667;378;364;742
4669;707;535;1242
4670;96;62;158
4672;779;664;1443
4673;0;0;0
4675;198;225;423
4677;311;320;631
4679;450;370;820
4680;234;192;426
4681;0;0;0
4682;0;0;0
4683;0;0;0
4684;0;0;0
4686;451;440;891
4687;691;673;1364
4688;547;553;1100
4689;502;386;888
4690;0;0;0
4691;257;258;515
4692;0;0;0
4693;0;0;0
4694;478;525;1003
4695;0;0;0
4696;0;0;0
4697;0;0;0
4698;308;221;529
4700;609;127;736
4701;0;0;0
4702;535;662;1197
4703;277;16;293
4705;0;0;0
4706;141;168;309
4707;331;313;644
4708;152;75;227
4709;225;315;540
4710;0;0;0
4711;167;170;337
4712;291;227;518
4713;476;215;691
4714;0;412;412
4715;108;85;193
4716;0;0;0
4717;180;131;311
4719;249;216;465
4720;85;68;153
4722;403;302;705
4723;560;0;560
4724;2;636;638
4725;131;96;227
4726;116;75;191
4727;108;64;172
4728;298;235;533
4729;0;0;0
4730;243;180;423
4731;93;60;153
4732;247;200;447
4733;5;274;279
4734;115;118;233
4736;278;237;515
4737;540;400;940
4738;0;0;0
4739;0;0;0
4740;85;113;198
4741;7;1;8
4742;182;118;300
4743;0;0;0
4744;80;73;153
4745;0;0;0
4746;82;64;146
4747;109;63;172
4748;84;41;125
4750;87;64;151
4751;45;13;58
4753;109;115;224
4754;546;450;996
4755;0;0;0
4756;0;0;0
4757;0;0;0
4758;17;37;54
4759;0;0;0
4760;186;158;344
4761;0;0;0
4762;1255;1300;2555
4764;0;0;0
4765;0;0;0
4767;214;152;366
4768;84;33;117
4769;0;0;0
4770;0;0;0
4771;0;0;0
4772;409;384;793
4773;0;0;0
4774;47;38;85
4775;0;0;0
4776;0;0;0
4777;54;41;95
4778;337;343;680
4779;360;381;741
4780;0;0;0
4781;128;126;254
4782;641;611;1252
4784;0;0;0
4785;396;424;820
4786;176;183;359
4787;0;0;0
4788;0;0;0
4789;0;0;0
4790;479;486;965
4791;53;18;71
4792;98;96;194
4793;0;0;0
4794;0;0;0
4795;0;0;0
4796;377;364;741
4798;727;724;1451
4799;0;0;0
4803;53;32;85
4804;0;0;0
4805;278;243;521
4806;163;114;277
4807;301;289;590
4808;119;114;233
4809;65;52;117
4810;137;145;282
4811;187;169;356
4812;72;70;142
4813;82;72;154
4814;111;91;202
4815;0;0;0
4817;37;21;58
4818;126;107;233
4819;0;0;0
4820;150;163;313
4821;0;0;0
4822;296;331;627
4823;0;0;0
4824;536;29;565
4825;283;291;574
4827;22;10;32
4828;0;0;0
4829;359;438;797
4830;490;502;992
4831;135;132;267
4832;60;46;106
4834;288;253;541
4835;265;268;533
4836;95;86;181
4837;130;111;241
4838;148;154;302
4839;81;64;145
4840;55;56;111
4841;153;148;301
4842;95;89;184
4843;132;126;258
4844;20;24;44
4845;94;96;190
4846;0;0;0
4848;36;47;83
4849;0;0;0
4851;1;1;2
4852;45;39;84
4853;0;0;0
4854;3;1;4
4855;32;12;44
4856;0;0;0
4857;0;0;0
4858;6;4;10
4859;1;1;2
4860;37;36;73
4861;3;2;5
4862;0;0;0
4863;0;0;0
4865;357;395;752
4866;291;302;593
4867;36;34;70
4868;271;244;515
4869;199;188;387
4870;97;113;210
4871;102;93;195
4873;67;76;143
4874;0;0;0
4875;7;4;11
4876;0;0;0
4877;5;3;8
4879;16;8;24
4880;0;0;0
4882;8;9;17
4883;0;0;0
4884;0;0;0
4885;0;0;0
4886;7;2;9
4887;0;0;0
4888;0;0;0
4889;5;3;8
4890;32;26;58
4891;0;0;0
4892;0;0;0
4893;0;0;0
4894;20;24;44
4896;13;15;28
4897;346;315;661
4898;313;313;626
4899;0;0;0
4901;4;1;5
4902;123;76;199
4903;0;0;0
4904;11;3;14
4905;3;0;3
4906;3;6;9
4907;0;1;1
4908;58;40;98
4909;29;14;43
4910;3;1;4
4911;1;1;2
4912;0;0;0
4913;3;6;9
4915;17;3;20
4916;0;0;0
4917;1;4;5
4918;7;7;14
4920;4;5;9
4921;0;0;0
4922;268;239;507
4923;2;2;4
4924;0;0;0
4925;244;202;446
4926;161;122;283
4927;24;6;30
4929;13;6;19
4930;0;0;0
4932;4;2;6
4933;1;0;1
4934;0;0;0
4935;2;3;5
4936;0;3;3
4937;0;0;0
4938;0;0;0
4939;0;0;0
4940;3;0;3
4941;0;1;1
4942;5;3;8
4943;57;46;103
4944;0;0;0
4946;18;8;26
4947;324;389;713
4948;174;58;232
4949;57;101;158
4950;37;21;58
4951;360;485;845
4952;236;201;437
4953;173;185;358
4954;122;104;226
4955;87;59;146
4956;218;162;380
4957;0;0;0
4958;318;271;589
4960;333;329;662
4961;89;95;184
4963;0;0;0
4964;0;0;0
4965;172;234;406
4966;0;0;0
4967;150;146;296
4968;55;39;94
4969;69;53;122
4970;386;410;796
4971;0;0;0
4973;443;487;930
4974;142;150;292
4975;146;18;164
4977;323;678;1001
4978;67;0;67
4979;33;13;46
4980;0;0;0
4981;0;0;0
4982;697;893;1590
4983;151;148;299
4984;230;248;478
4985;69;85;154
4986;57;45;102
4987;158;144;302
4988;326;302;628
4989;166;161;327
4990;160;152;312
4991;100;89;189
4992;152;143;295
4994;195;155;350
4995;165;165;330
4996;154;142;296
4997;128;124;252
4998;88;72;160
4999;105;106;211
5001;472;366;838
5002;123;119;242
5003;76;85;161
5004;0;0;0
5005;180;144;324
5006;9;14;23
5007;0;0;0
5008;0;0;0
5009;172;194;366
5010;295;329;624
5011;0;0;0
5012;279;263;542
5014;0;0;0
5015;155;172;327
5016;346;337;683
5018;0;0;0
5019;303;278;581
5020;309;365;674
5021;428;321;749
5022;41;28;69
5023;31;0;31
5024;428;601;1029
5025;295;269;564
5026;509;520;1029
5028;79;77;156
5029;270;298;568
5031;69;50;119
5032;0;0;0
5033;179;142;321
5034;138;145;283
5035;25;36;61
5036;1;5;6
5037;0;0;0
5038;91;90;181
5039;133;88;221
5040;6;6;12
5041;0;0;0
5042;0;0;0
5043;0;0;0
5045;0;0;0
5046;112;91;203
5047;26;0;26
5048;456;461;917
5049;143;103;246
5050;282;244;526
5051;206;196;402
5052;79;70;149
5053;78;58;136
5054;134;126;260
5055;94;59;153
5056;1;5;6
5057;93;72;165
5059;3;1;4
5060;4;2;6
5062;1;1;2
5063;0;0;0
5064;3;0;3
5065;10;6;16
5066;5;1;6
5067;10;3;13
5068;3;2;5
5069;14;20;34
5070;28;20;48
5071;0;0;0
5072;37;38;75
5073;150;140;290
5074;61;51;112
5076;0;0;0
5077;0;0;0
5078;2;1;3
5079;0;0;0
5080;1;1;2
5081;1;1;2
5082;734;810;1544
5083;172;169;341
5084;643;649;1292
5085;660;646;1306
5086;19;9;28
5087;192;163;355
5088;443;371;814
5090;104;107;211
5091;93;78;171
5093;126;136;262
5094;40;27;67
5095;6;3;9
5096;0;0;0
5097;3;5;8
5098;0;0;0
5099;0;1;1
5100;3;4;7
5101;81;66;147
5102;0;0;0
5103;5;4;9
5104;423;448;871
5105;337;316;653
5106;265;223;488
5107;0;0;0
5109;334;294;628
5110;115;106;221
5112;127;109;236
5113;135;107;242
5114;4;4;8
5115;0;0;0
5116;27;21;48
5117;3;1;4
5118;0;0;0
5119;61;48;109
5120;7;2;9
5121;84;62;146
5122;408;525;933
5123;127;92;219
5124;0;0;0
5126;278;403;681
5127;498;0;498
5128;0;693;693
5129;175;122;297
5130;148;99;247
5131;202;159;361
5132;95;98;193
5133;53;44;97
5134;73;51;124
5135;17;10;27
5136;0;0;0
5137;0;0;0
5138;0;0;0
5140;37;40;77
5141;0;0;0
5143;11;14;25
5144;0;0;0
5145;25;17;42
5146;0;0;0
5147;42;24;66
5148;0;0;0
5149;0;0;0
5150;697;671;1368
5151;82;65;147
5152;105;93;198
5153;232;253;485
5154;211;202;413
5155;184;185;369
5157;44;49;93
5158;70;61;131
5159;6;3;9
5160;0;0;0
5162;9;6;15
5163;1;2;3
5164;0;0;0
5165;7;4;11
5166;72;56;128
5167;2;0;2
5168;1;3;4
5169;7;0;7
5170;7;6;13
5171;0;0;0
5172;58;46;104
5174;1;3;4
5175;4;2;6
5176;1;3;4
5177;0;0;0
5178;8;6;14
5179;0;0;0
5180;74;59;133
5181;77;58;135
5182;2;4;6
5183;0;0;0
5184;0;0;0
5186;2;0;2
5188;19;24;43
5189;67;47;114
5191;0;0;0
5192;64;60;124
5193;68;67;135
5194;176;188;364
5195;3;1;4
5196;88;104;192
5197;70;76;146
5198;8;1;9
5199;0;0;0
5200;0;0;0
5201;0;0;0
5202;122;132;254
5203;5;6;11
5204;3;0;3
5205;23;24;47
5207;11;7;18
5208;63;55;118
5209;0;0;0
5210;62;60;122
5211;63;59;122
5212;25;19;44
5213;9;11;20
5214;70;74;144
5215;560;19;579
5216;170;259;429
5217;0;0;0
5218;369;463;832
5219;274;654;928
5220;167;148;315
5221;219;197;416
5224;201;198;399
5225;116;75;191
5226;481;449;930
5227;154;122;276
5228;169;138;307
5229;511;492;1003
5230;15;7;22
5231;0;0;0
5232;42;0;42
5233;20;8;28
5234;0;0;0
5235;0;0;0
5236;0;0;0
5238;0;0;0
5241;0;0;0
5242;0;0;0
5243;0;0;0
5244;0;0;0
5245;0;0;0
5246;0;0;0
5247;0;0;0
5248;20;16;36
5249;38;43;81
5250;19;16;35
5251;0;0;0
5252;0;0;0
5255;3;1;4
5256;0;0;0
5257;0;0;0
5258;5;3;8
5261;0;0;0
5262;0;0;0
5263;0;0;0
5264;720;700;1420
5265;282;282;564
5266;154;175;329
5267;109;45;154
5269;0;0;0
5270;285;314;599
5272;101;92;193
5273;95;66;161
5274;74;40;114
5275;0;5;5
5276;8;6;14
5277;0;0;0
5278;0;0;0
5279;0;0;0
5280;276;320;596
5281;0;0;0
5282;431;463;894
5283;252;217;469
5284;181;171;352
5286;215;210;425
5287;0;0;0
5288;124;135;259
5289;249;227;476
5290;57;65;122
5291;0;0;0
5292;155;146;301
5294;21;14;35
5295;0;0;0
5296;0;0;0
5297;0;0;0
5298;0;0;0
5300;0;0;0
5305;0;0;0
5306;0;0;0
5307;14;7;21
5308;0;0;0
5309;9;13;22
5310;11;7;18
5311;0;0;0
5312;0;0;0
5314;9;12;21
5315;588;700;1288
5317;0;0;0
5319;0;0;0
5320;0;0;0
5322;8;5;13
5323;216;244;460
5324;207;147;354
5325;0;0;0
5326;41;36;77
5327;44;47;91
5328;4;4;8
5329;25;14;39
5330;0;0;0
5331;6;14;20
5332;2;6;8
5333;84;80;164
5336;8;10;18
5337;4;6;10
5338;9;11;20
5339;24;26;50
5340;0;1;1
5341;24;40;64
5342;131;126;257
5343;224;121;345
5344;524;542;1066
5345;111;84;195
5346;54;46;100
5347;233;190;423
5348;35;24;59
5350;24;11;35
5351;8;0;8
5353;81;71;152
5354;0;0;0
5357;3;1;4
5358;2;2;4
5359;0;0;0
5360;2;4;6
5362;1;0;1
5363;23;21;44
5364;2;0;2
5365;0;4;4
5367;0;0;0
5368;2;3;5
5371;4;2;6
5372;237;271;508
5373;71;50;121
5374;188;167;355
5375;83;80;163
5376;5;7;12
5378;86;83;169
5379;5;7;12
5380;3;1;4
5381;1;2;3
5382;56;51;107
5384;0;0;0
5385;39;32;71
5386;34;26;60
5387;107;129;236
5388;0;0;0
5389;1;0;1
5390;0;0;0
5391;11;15;26
5392;16;9;25
5393;495;449;944
5394;278;252;530
5395;317;322;639
5396;143;137;280
5398;135;115;250
5400;0;0;0
5401;39;15;54
5403;17;3;20
5404;19;9;28
5405;0;0;0
5406;114;116;230
5407;63;57;120
5408;66;63;129
5409;0;0;0
5410;6;6;12
5411;89;78;167
5412;0;0;0
5413;0;0;0
5414;6;7;13
5415;3;0;3
5418;0;0;0
5419;0;0;0
5420;0;0;0
5421;0;0;0
5422;19;11;30
5423;19;17;36
5424;6;8;14
5425;28;31;59
5426;0;0;0
5427;0;0;0
5428;0;0;0
5429;0;0;0
5430;14;7;21
5431;6;5;11
5432;0;0;0
5434;506;604;1110
5435;514;486;1000
5436;6;6;12
5437;11;9;20
5439;206;219;425
5440;177;195;372
5441;315;310;625
5442;245;233;478
5443;0;0;0
5444;24;0;24
5446;97;60;157
5448;0;0;0
5449;12;8;20
5452;0;0;0
5453;0;0;0
5454;0;0;0
5455;3;11;14
5456;0;0;0
5457;0;0;0
5458;0;0;0
5459;7;0;7
5460;0;0;0
5461;0;0;0
5462;15;13;28
5463;7;9;16
5465;429;477;906
5466;138;79;217
5467;131;47;178
5468;0;0;0
5469;5;3;8
5470;193;173;366
5471;252;199;451
5472;37;33;70
5473;6;11;17
5474;7;8;15
5475;0;0;0
5476;0;0;0
5477;0;0;0
5479;5;12;17
5480;7;6;13
5482;4;4;8
5483;0;0;0
5484;0;0;0
5485;10;13;23
5486;0;0;0
5487;14;17;31
5488;0;0;0
5489;0;0;0
5490;0;1;1
5492;7;3;10
5493;32;39;71
5494;9;4;13
5496;5;2;7
5498;0;0;0
5499;118;132;250
5502;0;0;0
5503;15;14;29
5504;12;21;33
5505;0;0;0
5506;18;30;48
5507;174;163;337
5508;353;360;713
5509;118;185;303
5510;174;182;356
5511;0;0;0
5512;4;3;7
5513;8;16;24
5515;0;0;0
5516;3;2;5
5517;0;0;0
5518;1;1;2
5519;0;0;0
5520;1;3;4
5521;3;8;11
5522;5;5;10
5523;6;4;10
5524;4;0;4
5525;36;34;70
5526;0;0;0
5527;0;0;0
5529;4;1;5
5530;0;0;0
5532;11;10;21
5533;6;3;9
5534;0;0;0
5535;5;7;12
5536;7;5;12
5537;33;29;62
5538;158;143;301
5539;108;106;214
5541;19;16;35
5542;3;2;5
5543;0;0;0
5544;6;0;6
5546;2;3;5
5548;9;8;17
5550;18;13;31
5551;8;9;17
5552;2;2;4
5553;0;0;0
5554;2;5;7
5555;0;0;0
5556;0;0;0
5557;0;1;1
5558;4;4;8
5560;0;0;0
5561;5;0;5
5563;7;5;12
5564;0;0;0
5565;185;187;372
5566;664;45;709
5567;193;21;214
5568;130;547;677
5569;270;315;585
5570;1039;1337;2376
5571;0;0;0
5574;276;282;558
5575;225;196;421
5577;0;0;0
5578;555;491;1046
5579;0;0;0
5580;580;512;1092
5581;0;0;0
5582;143;100;243
5583;196;174;370
5584;0;0;0
5585;77;52;129
5586;0;0;0
5587;0;0;0
5588;162;162;324
5589;255;202;457
5590;210;201;411
5591;0;0;0
5592;132;136;268
5594;0;0;0
5595;0;0;0
5596;509;510;1019
5597;297;261;558
5598;86;73;159
5599;192;142;334
5600;227;14;241
5601;86;62;148
5602;0;0;0
5603;82;80;162
5604;91;78;169
5605;0;0;0
5606;212;193;405
5607;0;0;0
5608;119;107;226
5611;303;308;611
5613;417;346;763
5614;240;165;405
5617;49;47;96
5619;39;38;77
5620;158;119;277
5622;111;123;234
5623;26;28;54
5624;114;106;220
5625;85;72;157
5627;38;41;79
5629;13;11;24
5630;36;29;65
5631;53;41;94
5632;17;21;38
5633;11;10;21
5634;102;57;159
5635;21;23;44
5636;4;3;7
5637;3;1;4
5638;47;29;76
5639;4;2;6
5640;71;72;143
5641;0;0;0
5644;4;5;9
5645;181;162;343
5646;41;38;79
5647;27;25;52
5648;29;31;60
5649;83;66;149
5651;2;7;9
5652;0;765;765
5653;50;268;318
5654;1806;1714;3521
5655;369;522;891
5656;882;224;1106
5658;176;175;351
5659;502;506;1008
5661;522;456;978
5662;140;134;274
5663;603;499;1102
5664;183;200;383
5665;0;0;0
5666;1273;1578;2851
5667;404;339;743
5668;158;146;304
5669;1;440;441
5670;454;405;859
5675;63;52;115
5677;28;13;41
5678;80;350;430
5680;395;355;750
5681;0;0;0
5682;372;0;372
5683;96;81;177
5684;87;50;137
5686;62;36;98
5690;127;98;225
5693;39;22;61
5694;56;29;85
5695;148;91;239
5697;207;211;418
5698;127;108;235
5700;0;0;0
5701;0;0;0
5703;245;273;518
5705;0;0;0
5706;188;164;352
5709;90;87;177
5711;0;0;0
5713;296;260;556
5714;94;69;163
5716;268;273;541
5717;235;214;449
5718;0;0;0
5719;231;181;412
5720;180;147;327
5722;74;52;126
5723;0;0;0
5725;315;413;728
5726;163;173;336
5729;0;84;84
5730;87;85;172
5731;5;12;17
5732;62;55;117
5733;0;0;0
5734;4;1;5
5736;0;0;0
5737;71;53;124
5739;7;6;13
5740;13;19;32
5742;0;0;0
5744;1;0;1
5745;78;51;129
5746;136;147;283
5747;19;11;30
5748;15;14;29
5750;19;16;35
5751;27;18;45
5752;5;14;19
5753;44;35;79
5754;36;22;58
5756;19;12;31
5759;16;15;31
5760;30;21;51
5761;84;73;157
5763;83;51;134
5764;33;39;72
5765;27;26;53
5766;20;19;39
5767;71;66;137
5768;37;48;85
5770;13;10;23
5773;30;32;62
5774;115;94;209
5776;15;18;33
5778;16;14;30
5779;21;11;32
5781;57;38;95
5782;289;252;541
5783;10;3;13
5784;16;16;32
5785;0;4;4
5787;0;0;0
5790;51;48;99
5791;20;18;38
5792;0;0;0
5793;38;44;82
5794;19;13;32
5796;37;31;68
5797;26;34;60
5798;34;28;62
5799;13;10;23
5800;18;12;30
5801;17;13;30
5803;16;15;31
5804;0;0;0
5806;148;115;263
5807;7;5;12
5808;330;286;616
5810;482;480;962
5812;411;445;856
5813;550;519;1069
5814;546;555;1101
5815;0;0;0
5816;320;360;680
5817;0;0;0
5820;0;0;0
5823;441;422;863
5824;367;319;686
5825;98;69;167
5827;139;125;264
5828;232;199;431
5829;300;282;582
5830;16;0;16
5831;129;116;245
5832;57;46;103
5833;26;24;50
5834;5;9;14
5835;13;7;20
5837;6;3;9
5838;6;3;9
5839;0;0;0
5840;0;0;0
5841;0;0;0
5843;0;0;0
5844;3;2;5
5846;13;9;22
5847;17;19;36
5848;0;0;0
5849;2;5;7
5850;2;2;4
5851;10;7;17
5852;15;11;26
5854;51;49;100
5855;7;14;21
5856;0;0;0
5857;1;9;10
5858;0;0;0
5859;0;0;0
5861;378;457;835
5862;178;219;397
5863;0;0;0
5868;56;45;101
5869;60;57;117
5871;16;12;28
5872;46;32;78
5873;37;28;65
5875;65;62;127
5876;30;21;51
5877;0;0;0
5878;74;69;143
5879;223;243;466
5880;202;215;417
5881;0;0;0
5882;0;0;0
5885;33;32;65
5886;0;0;0
5887;0;0;0
5888;68;50;118
5889;0;0;0
5890;0;0;0
5891;0;0;0
5893;18;14;32
5894;58;66;124
5896;82;103;185
5897;322;343;665
5899;47;44;91
5900;0;0;0
5901;61;82;143
5902;132;113;245
5905;32;18;50
5909;0;0;0
5910;0;0;0
5911;17;16;33
5912;0;0;0
5913;0;0;0
5914;0;0;0
5915;0;0;0
5919;80;87;167
5921;220;202;422
5922;0;0;0
5923;61;23;84
5924;0;0;0
5925;0;0;0
5926;0;0;0
5927;6;1;7
5928;0;0;0
5930;13;10;23
5931;6;3;9
5932;0;0;0
5933;4;4;8
5935;50;32;82
5936;0;0;0
5938;55;36;91
5939;0;0;0
5940;212;196;408
5942;51;53;104
5943;0;0;0
5945;0;0;0
5946;0;0;0
5947;37;24;61
5952;46;36;82
5954;40;42;82
5955;158;169;327
5957;417;390;807
5959;144;124;268
5960;71;59;130
5961;0;0;0
5962;75;4;79
5963;2;7;9
5964;3;2;5
5967;0;0;0
5968;0;0;0
5970;40;49;89
5972;0;0;0
5973;6;7;13
5974;0;0;0
5975;1;4;5
5976;0;0;0
5977;2;5;7
5978;0;0;0
5980;1;2;3
5981;2;1;3
5983;0;0;0
5984;0;1;1
5985;4;1;5
5986;0;0;0
5987;5;1;6
5988;0;0;0
5989;0;0;0
5990;61;57;118
5991;0;0;0
5992;156;80;236
5993;180;173;353
5994;39;38;77
5995;19;9;28
5997;0;0;0
5998;15;5;20
5999;40;33;73
6001;0;0;0
6003;1;1;2
6005;27;18;45
6006;13;5;18
6007;68;64;132
6009;3;1;4
6010;0;0;0
6011;3;3;6
6012;14;12;26
6013;0;0;0
6014;0;0;0
6015;1;1;2
6017;3;6;9
6018;82;72;154
6019;17;20;37
6020;0;0;0
6021;1;1;2
6022;7;5;12
6023;8;6;14
6024;3;8;11
6025;12;10;22
6026;0;0;0
6027;196;200;396
6028;0;0;0
6029;41;51;92
6030;31;32;63
6031;14;12;26
6032;4;4;8
6034;0;0;0
6035;0;0;0
6036;35;43;78
6037;3;1;4
6038;44;49;93
6039;95;70;165
6040;19;15;34
6041;10;2;12
6042;2;1;3
6043;19;14;33
6044;9;9;18
6045;55;42;97
6046;9;8;17
6048;3;1;4
6049;11;8;19
6051;161;202;363
6052;356;357;713
6053;26;33;59
6054;20;13;33
6055;0;0;0
6056;173;164;337
6057;0;0;0
6058;0;0;0
6059;0;0;0
6060;52;43;95
6061;0;0;0
6062;8;6;14
6063;9;8;17
6065;0;0;0
6066;144;122;266
6068;0;0;0
6069;88;62;150
6070;163;117;280
6071;277;300;577
6072;369;278;647
6074;0;0;0
6075;3;3;6
6076;9;5;14
6077;3;4;7
6080;0;0;0
6082;29;32;61
6083;3;6;9
6084;266;365;631
6085;266;377;643
6086;220;178;398
6087;290;254;544
6088;95;82;177
6089;133;133;266
6090;198;219;417
6091;18;11;29
6092;94;71;165
6093;35;50;85
6094;0;0;0
6097;6;3;9
6098;0;0;0
6101;0;0;0
6103;0;0;0
6106;0;0;0
6107;32;14;46
6108;32;39;71
6109;0;0;0
6111;0;0;0
6112;466;598;1064
6113;509;78;587
6115;185;174;359
6116;273;227;500
6117;41;25;66
6118;362;388;750
6119;167;176;343
6120;636;655;1291
6121;57;35;92
6122;267;240;507
6123;17;10;27
6124;61;94;155
6126;53;31;84
6127;1;3;4
6129;13;2;15
6130;0;0;0
6132;0;0;0
6135;211;153;364
6136;0;0;0
6137;46;51;97
6138;51;39;90
6139;23;14;37
6140;4;1;5
6141;0;0;0
6142;8;4;12
6143;6;0;6
6144;0;0;0
6146;0;0;0
6147;12;10;22
6148;0;0;0
6149;12;10;22
6150;0;0;0
6151;15;11;26
6153;0;0;0
6154;16;8;24
6155;4;3;7
6156;0;0;0
6157;3;2;5
6160;10;10;20
6161;130;155;285
6163;264;311;575
6164;189;154;343
6165;65;59;124
6166;97;91;188
6167;27;14;41
6168;12;7;19
6170;39;42;81
6172;0;0;0
6173;10;6;16
6174;0;0;0
6175;10;6;16
6177;6;7;13
6178;23;18;41
6179;16;16;32
6180;11;5;16
6181;36;42;78
6182;0;0;0
6183;59;54;113
6184;0;0;0
6187;0;0;0
6188;294;277;571
6189;137;144;281
6190;78;74;152
6192;10;11;21
6194;0;0;0
6195;0;0;0
6196;0;0;0
6197;0;0;0
6198;35;26;61
6200;120;98;218
6203;0;0;0
6204;62;47;109
6205;88;67;155
6206;19;17;36
6207;43;32;75
6208;14;9;23
6210;133;88;221
6211;29;19;48
6213;0;0;0
6214;22;19;41
6216;38;40;78
6217;0;0;0
6219;26;19;45
6220;50;60;110
6221;1;1;2
6222;4;3;7
6223;240;194;434
6224;209;196;405
6225;127;99;226
6227;77;86;163
6228;21;0;21
6229;0;0;0
6230;126;130;256
6231;19;22;41
6232;0;0;0
6233;0;0;0
6234;0;0;0
6235;0;0;0
6236;0;0;0
6237;12;22;34
6238;0;0;0
6239;0;0;0
6240;0;0;0
6242;0;0;0
6244;4;13;17
6245;11;4;15
6246;0;0;0
6247;0;0;0
6248;5;2;7
6249;0;0;0
6251;16;8;24
6252;391;225;616
6253;389;495;884
6254;416;444;860
6256;0;0;0
6258;0;0;0
6259;0;0;0
6261;0;0;0
6262;41;32;73
6263;7;6;13
6264;0;0;0
6265;0;0;0
6267;94;69;163
6268;43;36;79
6269;105;122;227
6270;138;116;254
6271;102;73;175
6272;73;64;137
6273;222;216;438
6276;5;3;8
6277;0;0;0
6278;0;0;0
6279;4;3;7
6280;7;5;12
6281;5;1;6
6282;3;2;5
6283;2;3;5
6284;0;0;0
6285;114;127;241
6286;0;0;0
6289;5;3;8
6290;6;0;6
6293;0;0;0
6294;57;43;100
6296;0;0;0
6298;0;0;0
6299;0;0;0
6300;145;170;315
6301;179;159;338
6302;279;325;604
6303;62;54;116
6304;426;485;911
6305;126;111;237
6308;26;22;48
6309;0;0;0
6311;0;0;0
6312;0;0;0
6314;0;0;0
6315;5;9;14
6317;7;1;8
6318;0;0;0
6319;19;20;39
6320;0;0;0
6321;0;0;0
6322;2;5;7
6323;7;3;10
6325;5;6;11
6326;0;0;0
6327;1;5;6
6328;0;0;0
6329;5;6;11
6330;0;2;2
6331;0;0;0
6332;2;0;2
6333;2;0;2
6334;0;0;0
6335;0;0;0
6336;482;585;1067
6337;105;101;206
6340;0;0;0
6343;9;12;21
6344;4;5;9
6345;3;0;3
6347;68;46;114
6348;209;188;397
6349;164;161;325
6350;110;97;207
6351;54;71;125
6352;81;51;132
6353;2;5;7
6354;1;0;1
6356;0;0;0
6357;0;0;0
6358;5;4;9
6359;0;0;0
6360;0;0;0
6361;2;0;2
6362;0;0;0
6363;0;2;2
6364;0;0;0
6365;0;0;0
6366;0;0;0
6367;0;0;0
6368;0;0;0
6370;1;0;1
6371;4;2;6
6373;15;9;24
6374;2;2;4
6375;0;0;0
6377;3;2;5
6378;0;0;0
6379;48;30;78
6380;81;65;146
6381;88;79;167
6382;4;6;10
6384;0;0;0
6385;51;54;105
6387;0;0;0
6388;0;0;0
6389;64;61;125
6390;4;3;7
6391;4;6;10
6392;0;0;0
6393;42;31;73
6397;97;93;190
6398;192;217;409
6399;112;126;238
6400;1;2;3
6401;0;0;0
6402;0;0;0
6403;0;0;0
6404;0;0;0
6406;0;0;0
6407;3;4;7
6408;0;0;0
6409;0;0;0
6410;6;3;9
6411;3;13;16
6412;0;0;0
6413;2;0;2
6414;0;0;0
6415;2;4;6
6416;0;0;0
6417;0;0;0
6418;0;0;0
6420;102;126;228
6421;115;121;236
6423;45;61;106
6424;17;18;35
6425;0;2;2
6426;0;0;0
6427;17;10;27
6429;9;2;11
6432;15;24;39
6433;1;0;1
6434;38;25;63
6435;11;14;25
6440;0;0;0
6441;2;2;4
6442;3;2;5
6443;25;18;43
6444;8;2;10
6445;0;0;0
6446;7;8;15
6448;0;0;0
6449;6;6;12
6452;217;228;445
6454;32;29;61
6455;22;23;45
6456;18;23;41
6457;88;105;193
6458;25;20;45
6459;39;29;68
6460;163;141;304
6461;55;66;121
6462;0;0;0
6463;0;0;0
6464;4;2;6
6465;86;51;137
6466;0;0;0
6468;0;0;0
6469;0;0;0
6471;22;17;39
6473;0;0;0
6474;9;6;15
6475;12;9;21
6476;0;0;0
6477;3;3;6
6478;22;24;46
6479;10;11;21
6480;29;37;66
6481;3;8;11
6482;1;3;4
6483;0;0;0
6485;16;25;41
6486;4;3;7
6487;20;31;51
6488;42;35;77
6489;10;3;13
6490;6;6;12
6491;0;0;0
6492;7;11;18
6494;0;0;0
6495;19;39;58
6496;49;33;82
6497;434;395;829
6499;120;122;242
6500;447;462;909
6501;308;300;608
6502;78;69;147
6504;56;63;119
6505;0;0;0
6506;3;3;6
6507;0;0;0
6508;3;4;7
6509;0;0;0
6510;1;0;1
6511;0;0;0
6512;2;0;2
6513;0;0;0
6514;0;0;0
6515;1;1;2
6516;0;0;0
6518;1;0;1
6519;0;0;0
6521;0;2;2
6522;1;0;1
6523;1;1;2
6524;2;0;2
6525;4;0;4
6526;2;1;3
6527;1;0;1
6528;18;32;50
6529;2;0;2
6530;2;3;5
6531;0;0;0
6532;0;0;0
6533;0;0;0
6535;0;0;0
6536;0;0;0
6537;0;0;0
6538;0;0;0
6539;10;7;17
6540;6;0;6
6541;0;0;0
6542;61;68;129
6544;0;0;0
6545;0;2;2
6546;7;2;9
6547;4;1;5
6549;5;3;8
6550;25;25;50
6552;23;12;35
6553;3;3;6
6554;0;0;0
6555;6;4;10
6556;0;0;0
6558;2;1;3
6560;42;32;74
6561;0;0;0
6562;20;19;39
6564;32;26;58
6566;35;37;72
6567;2;0;2
6568;0;0;0
6569;54;41;95
6570;2;2;4
6571;0;0;0
6572;93;74;167
6575;13;14;27
6576;5;5;10
6577;56;26;82
6578;0;2;2
6580;6;4;10
6583;9;17;26
6584;351;57;408
6585;418;490;908
6586;230;184;414
6587;298;268;566
6588;121;121;242
6589;108;106;214
6590;37;19;56
6591;26;0;26
6593;42;54;96
6594;7;6;13
6595;5;2;7
6597;0;0;0
6598;0;0;0
6599;16;23;39
6600;4;5;9
6602;5;6;11
6603;0;0;0
6604;173;168;341
6605;10;5;15
6606;0;0;0
6607;0;0;0
6608;9;13;22
6610;0;0;0
6611;15;9;24
6612;8;4;12
6613;0;0;0
6614;0;0;0
6616;6;2;8
6617;0;0;0
6618;0;0;0
6620;0;0;0
6621;1;4;5
6622;5;0;5
6623;15;13;28
6624;22;17;39
6625;1;1;2
6626;10;8;18
6627;7;4;11
6628;9;13;22
6630;4;2;6
6631;0;0;0
6633;13;16;29
6634;0;0;0
6635;6;7;13
6636;0;0;0
6637;0;0;0
6638;0;0;0
6639;16;20;36
6641;100;63;163
6642;0;0;0
6643;151;257;408
6644;490;599;1089
6645;0;0;0
6647;65;48;113
6648;0;0;0
6649;165;150;315
6650;211;230;441
6651;0;0;0
6652;61;44;105
6653;3;5;8
6654;20;17;37
6655;0;0;0
6656;48;43;91
6657;0;0;0
6658;6;2;8
6659;0;0;0
6660;7;2;9
6661;0;0;0
6662;20;12;32
6664;0;0;0
6665;2;1;3
6666;31;30;61
6667;44;48;92
6668;12;1;13
6669;99;83;182
6670;16;17;33
6671;23;13;36
6672;0;0;0
6673;1;1;2
6674;14;14;28
6676;0;0;0
6678;13;16;29
6679;11;20;31
6681;7;9;16
6682;0;0;0
6683;0;2;2
6684;6;14;20
6686;40;38;78
6687;0;0;0
6688;37;23;60
6689;4;2;6
6690;38;40;78
6691;146;138;284
6692;33;48;81
6693;0;0;0
6695;30;23;53
6696;0;0;0
6698;0;0;0
6699;31;22;53
6700;16;16;32
6701;10;18;28
6702;13;26;39
6703;0;0;0
6705;70;52;122
6706;0;0;0
6707;0;0;0
6708;196;223;419
6709;177;174;351
6710;63;69;132
6711;34;31;65
6712;58;41;99
6714;28;21;49
6715;2;3;5
6716;11;6;17
6717;0;0;0
6718;62;48;110
6719;3;7;10
6720;0;0;0
6721;6;4;10
6722;2;2;4
6723;0;0;0
6725;27;15;42
6726;30;27;57
6728;7;13;20
6729;0;0;0
6731;18;15;33
6732;42;32;74
6733;0;0;0
6734;15;5;20
6735;32;21;53
6736;2;3;5
6737;25;25;50
6738;5;2;7
6739;6;16;22
6740;0;0;0
6741;6;1;7
6742;0;0;0
6743;7;8;15
6745;16;18;34
6746;0;0;0
6747;5;4;9
6748;9;3;12
6750;9;11;20
6751;405;449;854
6752;199;521;720
6753;228;243;471
6754;413;392;805
6755;483;31;514
6756;0;0;0
6757;35;30;65
6759;408;181;589
6760;0;0;0
6762;0;930;930
6763;0;0;0
6764;421;318;739
6765;70;52;122
6766;622;470;1092
6767;178;124;302
6768;4;7;11
6769;0;0;0
6770;245;235;480
6771;0;0;0
6772;118;111;229
6773;160;127;287
6774;163;135;298
6777;217;170;387
6779;2;0;2
6780;243;152;395
6781;143;84;227
6784;0;0;0
6785;148;139;287
6786;65;34;99
6787;224;195;419
6788;0;0;0
6790;0;0;0
6791;199;200;399
6793;31;27;58
6794;0;0;0
6795;0;0;0
6797;20;29;49
6798;1;2;3
6799;0;0;0
6800;0;0;0
6803;6;2;8
6804;1;4;5
6805;4;2;6
6807;6;2;8
6812;0;0;0
6814;13;18;31
6815;13;11;24
6816;12;7;19
6817;3;3;6
6818;17;13;30
6820;19;28;47
6821;0;0;0
6822;0;0;0
6824;0;0;0
6826;265;347;612
6827;0;0;0
6828;74;92;166
6829;1064;0;1064
6830;1;1171;1172
6832;87;476;563
6833;113;80;193
6834;136;118;254
6835;500;490;990
6836;250;233;483
6837;0;0;0
6841;31;24;55
6843;450;507;957
6844;402;456;858
6845;0;0;0
6846;104;137;241
6848;6;5;11
6852;63;44;107
6853;72;76;148
6854;0;0;0
6855;1;1;2
6857;18;11;29
6859;0;0;0
6860;0;0;0
6862;0;0;0
6865;6;4;10
6866;17;21;38
6867;0;1;1
6868;0;1;1
6872;0;0;0
6875;0;0;0
6876;48;54;102
6877;6;7;13
6878;2;2;4
6879;0;0;0
6880;0;0;0
6881;0;0;0
6882;2;1;3
6883;0;0;0
6884;1;2;3
6885;0;0;0
6886;161;124;285
6888;1;1;2
6889;0;0;0
6891;32;21;53
6892;1;0;1
6893;2;0;2
6895;385;481;866
6896;287;338;625
6897;219;237;456
6898;135;124;259
6899;248;145;393
6900;0;0;0
6901;19;14;33
6902;12;12;24
6903;10;12;22
6904;0;0;0
6905;19;5;24
6907;0;0;0
6908;0;0;0
6909;0;0;0
6912;0;0;0
6913;0;0;0
6914;0;0;0
6915;0;0;0
6916;151;133;284
6917;143;132;275
6918;162;155;317
6919;0;2;2
6920;82;69;151
6921;0;0;0
6922;28;83;111
6924;0;0;0
6925;115;122;237
6929;340;338;678
6930;224;256;480
6931;0;0;0
6932;150;134;284
6933;76;78;154
6934;293;311;604
6935;79;73;152
6936;0;0;0
6938;0;0;0
6939;0;0;0
6941;0;0;0
6942;2;3;5
6943;0;0;0
6944;22;12;34
6945;0;1;1
6946;3;3;6
6947;0;0;0
6948;0;0;0
6949;0;0;0
6950;4;3;7
6951;3;1;4
6953;67;40;107
6955;23;12;35
6956;0;2;2
6957;0;0;0
6958;0;0;0
6959;0;0;0
6961;0;0;0
6962;0;0;0
6963;7;2;9
6964;115;95;210
6965;1;2;3
6969;2;1;3
6970;20;15;35
6972;1;1;2
6973;0;0;0
6975;4;2;6
6978;7;0;7
6979;0;0;0
6980;0;0;0
6981;0;0;0
6982;1;6;7
6983;395;368;763
6984;89;65;154
6986;63;66;129
6987;0;0;0
6988;2;0;2
6989;10;3;13
6990;3;19;22
6991;20;17;37
6992;5;1;6
6994;0;0;0
6995;0;0;0
6996;11;12;23
7000;5;4;9
7001;0;0;0
7003;80;81;161
7004;214;259;473
7006;271;326;597
7008;0;0;0
7009;27;32;59
7011;23;26;49
7012;0;0;0
7013;2;2;4
7014;0;0;0
7015;124;109;233
7016;167;172;339
7018;0;1;1
7020;23;17;40
7021;0;0;0
7023;77;62;139
7024;12;9;21
7025;8;11;19
7026;19;25;44
7027;0;0;0
7029;0;0;0
7030;2;2;4
7031;232;251;483
7032;45;53;98
7034;2;2;4
7037;3;5;8
7038;1;3;4
7039;3;2;5
7040;1;2;3
7041;0;0;0
7042;0;0;0
7044;257;319;576
7045;0;0;0
7047;0;0;0
7049;237;228;465
7050;262;293;555
7051;7;11;18
7052;0;0;0
7054;0;0;0
7055;0;0;0
7056;0;0;0
7057;3;8;11
7058;9;7;16
7059;221;208;429
7060;0;0;0
7061;67;75;142
7062;52;59;111
7063;108;89;197
7064;34;29;63
7065;4;2;6
7066;0;0;0
7068;0;0;0
7069;1;3;4
7071;19;22;41
7072;5;4;9
7073;0;2;2
7074;4;2;6
7075;0;0;0
7076;1;2;3
7077;1;3;4
7078;6;11;17
7079;4;0;4
7080;0;0;0
7081;1;0;1
7083;32;31;63
7085;86;90;176
7086;18;16;34
7087;0;0;0
7088;1;5;6
7089;5;10;15
7090;1;3;4
7091;0;0;0
7092;23;18;41
7093;1;7;8
7094;0;0;0
7095;1;2;3
7096;0;0;0
7097;1;0;1
7099;0;0;0
7100;45;37;82
7101;4;3;7
7102;126;245;371
7104;0;0;0
7105;0;0;0
7106;0;0;0
7108;89;90;179
7109;8;6;14
7110;0;0;0
7111;28;22;50
7112;57;34;91
7113;14;17;31
7114;119;118;237
7115;75;80;155
7116;3;1;4
7118;26;23;49
7119;0;0;0
7121;0;0;0
7122;95;98;193
7123;6;9;15
7124;0;0;0
7125;111;109;220
7127;0;0;0
7128;388;439;827
7129;374;497;871
7130;203;158;361
7131;252;258;510
7132;67;32;99
7133;193;206;399
7135;51;46;97
7136;28;19;47
7137;64;60;124
7138;72;73;145
7139;0;0;0
7140;77;71;148
7141;4;3;7
7142;20;20;40
7143;0;0;0
7145;0;0;0
7147;30;18;48
7149;0;0;0
7153;0;0;0
7154;0;0;0
7156;0;0;0
7157;32;33;65
7158;4;1;5
7159;0;0;0
7160;3;1;4
7161;0;0;0
7162;0;0;0
7164;0;0;0
7166;84;72;156
7167;0;0;0
7168;9;3;12
7169;0;0;0
7170;44;32;76
7171;0;0;0
7172;2;6;8
7173;3;4;7
7174;10;4;14
7176;0;0;0
7178;2;1;3
7180;164;152;316
7181;261;335;596
7183;196;214;410
7184;4;2;6
7185;17;8;25
7186;2;3;5
7187;0;0;0
7188;16;6;22
7190;3;0;3
7192;11;13;24
7193;5;3;8
7195;0;0;0
7197;0;0;0
7198;0;0;0
7199;0;0;0
7200;487;486;973
7202;285;302;587
7203;224;187;411
7204;78;75;153
7205;51;45;96
7206;161;148;309
7207;0;0;0
7208;0;0;0
7209;0;0;0
7210;0;0;0
7211;0;0;0
7212;11;5;16
7213;0;0;0
7214;4;6;10
7216;0;0;0
7217;20;12;32
7218;0;0;0
7219;0;0;0
7220;5;2;7
7221;0;0;0
7223;0;0;0
7224;0;0;0
7225;3;5;8
7227;2;2;4
7228;0;0;0
7230;0;0;0
7231;167;178;345
7233;0;0;0
7234;114;79;193
7235;0;0;0
7236;199;237;436
7237;355;315;670
7238;88;74;162
7239;4;7;11
7240;202;191;393
7241;0;0;0
7242;43;50;93
7243;43;45;88
7244;72;75;147
7245;0;0;0
7247;0;0;0
7248;0;0;0
7249;4;3;7
7250;49;48;97
7251;0;0;0
7252;78;64;142
7253;5;2;7
7254;0;0;0
7255;0;0;0
7256;7;4;11
7257;9;7;16
7258;0;0;0
7259;0;0;0
7260;26;26;52
7261;13;6;19
7262;3;1;4
7264;0;0;0
7265;0;0;0
7266;19;25;44
7267;0;0;0
7268;2;2;4
7269;0;0;0
7270;3;0;3
7272;0;0;0
7273;33;27;60
7274;0;0;0
7275;0;0;0
7276;500;575;1075
7279;18;18;36
7282;3;3;6
7283;2;1;3
7284;16;21;37
7285;23;16;39
7286;0;0;0
7287;0;0;0
7288;20;13;33
7289;3;0;3
7290;8;12;20
7291;0;0;0
7292;3;7;10
7295;6;1;7
7296;20;9;29
7297;2;2;4
7298;12;9;21
7299;367;386;753
7300;0;0;0
7301;26;18;44
7302;4;8;12
7303;76;69;145
7304;15;4;19
7305;17;11;28
7306;5;3;8
7307;3;2;5
7308;3;3;6
7309;19;19;38
7310;0;0;0
7311;0;0;0
7312;45;60;105
7314;2;3;5
7315;6;12;18
7316;12;4;16
7317;0;0;0
7318;1;1;2
7319;0;0;0
7321;13;9;22
7322;0;0;0
7323;95;7;102
7325;642;799;1441
7326;531;43;574
7328;153;237;390
7329;472;573;1045
7331;457;616;1073
7332;179;135;314
7333;136;102;238
7334;344;378;722
7335;162;126;288
7336;130;95;225
7337;229;183;412
7338;358;360;718
7339;231;236;467
7340;175;145;320
7341;188;148;336
7342;0;0;0
7343;489;483;972
7345;0;0;0
7346;304;262;566
7347;88;68;156
7348;227;215;442
7349;148;150;298
7350;0;0;0
7352;189;216;405
7353;53;61;114
7354;85;73;158
7355;36;46;82
7356;12;6;18
7357;26;17;43
7359;4;3;7
7360;0;0;0
7362;0;0;0
7363;0;0;0
7364;0;0;0
7365;0;0;0
7366;3;7;10
7367;0;0;0
7368;21;24;45
7369;84;61;145
7370;0;0;0
7371;18;23;41
7372;44;48;92
7373;0;0;0
7374;0;0;0
7376;0;0;0
7377;76;85;161
7378;0;0;0
7379;0;0;0
7380;8;2;10
7381;3;1;4
7382;11;17;28
7383;0;0;0
7384;12;13;25
7385;91;84;175
7386;19;21;40
7388;512;578;1090
7390;29;30;59
7391;111;78;189
7393;0;0;0
7395;5;5;10
7396;90;75;165
7397;55;51;106
7398;0;0;0
7399;0;0;0
7400;0;0;0
7401;499;664;1163
7402;0;0;0
7403;353;366;719
7404;131;126;257
7405;170;156;326
7406;612;563;1175
7407;35;32;67
7412;246;237;483
7414;369;372;741
7415;382;386;768
7416;384;356;740
7417;0;0;0
7418;120;112;232
7419;56;44;100
7420;4;1;5
7421;0;0;0
7422;3;3;6
7423;3;3;6
7424;3;6;9
7426;0;0;0
7427;29;28;57
7428;0;0;0
7429;0;0;0
7430;0;0;0
7431;27;24;51
7432;53;38;91
7433;26;39;65
7434;167;157;324
7435;397;428;825
7436;2;5;7
7437;3;2;5
7438;5;1;6
7440;0;2;2
7441;71;83;154
7443;44;26;70
7446;23;26;49
7447;0;0;0
7448;208;232;440
7449;72;48;120
7450;111;83;194
7452;40;29;69
7453;10;5;15
7454;0;0;0
7455;0;0;0
7457;3;2;5
7458;11;13;24
7459;126;142;268
7460;103;70;173
7461;0;0;0
7462;0;0;0
7463;10;10;20
7464;18;22;40
7465;6;2;8
7466;0;0;0
7467;0;0;0
7468;0;0;0
7469;5;3;8
7470;165;204;369
7471;2;2;4
7476;94;82;176
7477;43;43;86
7478;94;107;201
7479;21;17;38
7480;0;0;0
7481;0;0;0
7482;0;0;0
7484;0;0;0
7485;0;0;0
7486;0;0;0
7488;0;0;0
7489;15;13;28
7491;0;0;0
7492;0;0;0
7493;2;2;4
7494;0;0;0
7495;0;0;0
7496;78;53;131
7497;0;0;0
7498;0;0;0
7499;4;1;5
7500;0;0;0
7501;10;13;23
7502;0;1;1
7503;0;0;0
7505;191;239;430
7507;107;109;216
7508;101;77;178
7509;118;149;267
7510;54;51;105
7511;10;10;20
7512;0;0;0
7513;2;4;6
7514;0;0;0
7515;0;0;0
7516;0;0;0
7517;0;0;0
7518;1;0;1
7519;0;0;0
7520;0;0;0
7521;0;0;0
7522;0;0;0
7524;0;0;0
7525;0;0;0
7526;0;0;0
7527;0;0;0
7528;1;2;3
7529;0;0;0
7530;0;0;0
7531;47;34;81
7532;0;0;0
7533;0;0;0
7534;3;2;5
7535;14;20;34
7536;552;630;1182
7538;6;4;10
7539;0;0;0
7541;182;179;361
7542;83;61;144
7543;140;144;284
7544;188;182;370
7545;0;1;1
7546;0;0;0
7547;0;0;0
7548;0;0;0
7549;0;0;0
7550;0;0;0
7551;0;0;0
7552;2;0;2
7553;0;0;0
7555;0;0;0
7556;0;0;0
7557;1;2;3
7558;5;0;5
7559;1;2;3
7560;0;0;0
7561;0;0;0
7562;0;0;0
7563;2;1;3
7564;0;0;0
7565;4;1;5
7566;0;0;0
7567;0;0;0
7569;2;0;2
7570;0;0;0
7572;322;339;661
7573;1;3;4
7574;1;1;2
7575;2;0;2
7576;0;0;0
7578;259;170;429
7579;0;0;0
7580;1;5;6
7581;0;0;0
7582;0;0;0
7583;84;83;167
7584;0;0;0
7586;4;3;7
7587;7;3;10
7588;8;15;23
7589;0;0;0
7590;4;5;9
7591;0;0;0
7592;8;3;11
7593;135;89;224
7594;0;0;0
7595;0;0;0
7596;3;0;3
7597;0;0;0
7598;0;0;0
7600;15;11;26
7601;12;6;18
7602;3;0;3
7603;0;0;0
7605;19;15;34
7606;12;12;24
7607;13;14;27
7608;0;0;0
7609;6;6;12
7610;10;11;21
7611;0;0;0
7612;14;7;21
7613;55;37;92
7614;88;118;206
7615;0;0;0
7616;3;2;5
7617;5;5;10
7619;2;0;2
7620;2;1;3
7622;21;19;40
7623;0;0;0
7624;38;73;111
7625;357;59;416
7626;267;328;595
7627;982;0;982
7628;0;567;567
7629;293;276;569
7630;0;732;732
7631;447;285;732
7632;281;211;492
7633;306;240;546
7634;331;304;635
7636;165;100;265
7637;265;202;467
7638;332;226;558
7639;522;421;943
7640;0;0;0
7641;162;148;310
7642;87;78;165
7643;171;147;318
7644;132;133;265
7645;85;61;146
7646;158;164;322
7647;231;194;425
7648;106;77;183
7650;98;112;210
7651;191;156;347
7654;89;84;173
7655;48;33;81
7656;49;45;94
7657;0;0;0
7658;48;42;90
7659;263;242;505
7661;0;2;2
7662;9;5;14
7663;36;24;60
7664;134;144;278
7665;168;161;329
7667;85;57;142
7668;10;9;19
7669;33;17;50
7670;4;2;6
7671;141;119;260
7672;64;56;120
7673;5;2;7
7675;76;72;148
7676;18;22;40
7677;6;6;12
7678;0;0;0
7679;95;109;204
7680;1;2;3
7681;5;4;9
7682;62;39;101
7684;38;23;61
7685;142;103;245
7686;18;13;31
7688;0;1;1
7689;10;9;19
7690;4;4;8
7691;20;15;35
7692;0;0;0
7693;3;4;7
7694;4;6;10
7695;2;3;5
7696;187;164;351
7698;13;9;22
7699;1655;1183;2838
7700;868;612;1480
7701;600;611;1211
7704;237;256;493
7705;0;617;617
7706;675;529;1204
7707;403;809;1212
7708;0;0;0
7709;0;1045;1045
7710;59;52;111
7711;0;0;0
7712;49;46;95
7714;70;59;129
7715;0;0;0
7717;420;484;904
7718;222;228;450
7719;59;38;97
7720;347;277;624
7722;273;261;534
7723;308;262;570
7724;229;202;431
7725;81;63;144
7726;15;8;23
7727;0;0;0
7728;0;0;0
7729;7;7;14
7730;6;4;10
7731;0;0;0
7732;5;4;9
7734;0;0;0
7735;0;0;0
7737;0;0;0
7738;5;7;12
7739;5;0;5
7740;90;86;176
7741;9;9;18
7742;464;462;926
7743;646;788;1434
7744;518;631;1149
7745;2;1;3
7748;0;0;0
7749;15;13;28
7752;12;5;17
7753;130;134;264
7754;3;0;3
7755;9;1;10
7756;17;6;23
7757;2;2;4
7758;13;16;29
7759;4;1;5
7760;114;108;222
7761;8;11;19
7762;3;1;4
7763;23;28;51
7765;5;4;9
7766;0;0;0
7767;1;3;4
7768;1;3;4
7769;2;1;3
7770;1;4;5
7771;0;0;0
7772;308;227;535
7773;259;307;566
7774;232;180;412
7775;166;148;314
7776;74;63;137
7777;61;68;129
7779;16;11;27
7782;7;7;14
7783;71;51;122
7784;1;0;1
7785;39;45;84
7786;5;2;7
7787;3;1;4
7788;64;63;127
7789;20;21;41
7790;4;2;6
7791;41;35;76
7792;0;0;0
7793;16;9;25
7794;3;4;7
7796;0;0;0
7797;0;0;0
7798;18;26;44
7799;6;5;11
7801;41;39;80
7802;116;84;200
7803;3;0;3
7804;7;6;13
7805;1;1;2
7806;6;4;10
7807;1;1;2
7808;5;5;10
7809;8;7;15
7810;17;21;38
7811;1;0;1
7812;15;3;18
7813;0;0;0
7815;7;10;17
7816;0;2;2
7817;0;0;0
7818;82;78;160
7819;17;10;27
7820;20;14;34
7821;21;17;38
7822;12;8;20
7823;5;5;10
7824;13;8;21
7825;106;70;176
7826;541;551;1092
7829;0;0;0
7830;94;64;158
7832;83;88;171
7833;145;169;314
7834;108;95;203
7835;0;0;0
7836;63;78;141
7837;1;1;2
7838;0;0;0
7839;2;2;4
7840;0;0;0
7841;0;0;0
7842;0;0;0
7844;0;0;0
7846;0;0;0
7847;2;3;5
7848;0;0;0
7849;0;0;0
7850;41;24;65
7851;0;0;0
7852;8;2;10
7853;0;0;0
7854;64;59;123
7855;2;5;7
7856;9;4;13
7857;0;0;0
7858;10;4;14
7860;4;5;9
7861;9;4;13
7863;0;0;0
7864;1;4;5
7865;0;0;0
7866;66;54;120
7867;0;0;0
7868;6;2;8
7869;0;0;0
7870;0;0;0
7871;2;5;7
7872;192;157;349
7874;65;48;113
7875;0;0;0
7877;0;0;0
7878;8;4;12
7879;1;1;2
7880;0;0;0
7881;9;9;18
7882;0;0;0
7883;0;0;0
7884;0;0;0
7885;0;0;0
7886;0;0;0
7887;8;2;10
7888;0;0;0
7889;0;0;0
7890;0;0;0
7891;2;1;3
7892;0;0;0
7894;3;2;5
7895;0;0;0
7896;47;49;96
7897;30;26;56
7898;62;77;139
7900;0;0;0
7901;8;4;12
7902;0;0;0
7903;4;0;4
7904;3;1;4
7905;43;40;83
7906;0;0;0
7907;546;546;1092
7908;2;0;2
7910;3;1;4
7911;23;23;46
7913;0;0;0
7914;0;0;0
7915;12;12;24
7916;0;0;0
7917;0;0;0
7918;0;0;0
7919;6;7;13
7920;0;0;0
7921;0;0;0
7922;50;25;75
7923;0;0;0
7924;76;64;140
7925;0;0;0
7927;3;0;3
7929;24;21;45
7930;8;3;11
7931;1;4;5
7932;0;0;0
7933;4;5;9
7936;4;4;8
7937;0;0;0
7938;2;4;6
7939;2;2;4
7940;13;15;28
7941;204;212;416
7942;392;410;802
7944;4;4;8
7945;2;2;4
7946;7;10;17
7947;11;6;17
7948;8;4;12
7949;3;4;7
7950;3;12;15
7952;12;2;14
7953;3;3;6
7954;7;4;11
7956;161;201;362
7958;306;309;615
7959;277;288;565
7961;71;57;128
7962;25;29;54
7963;0;0;0
7964;0;0;0
7965;0;0;0
7966;3;1;4
7967;45;41;86
7968;8;5;13
7970;182;188;370
7971;0;0;0
7972;0;0;0
7973;486;77;563
7975;179;142;321
7976;164;168;332
7977;129;113;242
7978;6;5;11
7980;0;0;0
7982;17;18;35
7983;0;0;0
7984;0;0;0
7985;0;0;0
7987;12;5;17
7989;260;309;569
7990;2;6;8
7992;16;41;57
7993;9;7;16
7994;3;3;6
7996;17;7;24
7998;14;10;24
8000;141;118;259
8001;661;673;1334
8002;437;586;1023
8003;342;312;654
8004;362;336;698
8005;408;377;785
8006;162;120;282
8007;0;0;0
8009;0;0;0
8010;2;4;6
8012;62;47;109
8013;51;39;90
8014;6;5;11
8015;0;0;0
8016;0;0;0
8017;0;0;0
8018;0;0;0
8019;29;37;66
8020;10;5;15
8021;4;3;7
8022;15;7;22
8023;51;0;51
8024;0;0;0
8026;0;0;0
8027;53;43;96
8028;0;0;0
8029;0;0;0
8030;4;4;8
8031;7;2;9
8032;4;3;7
8033;6;8;14
8034;0;0;0
8035;0;0;0
8036;29;26;55
8037;5;8;13
8038;2;3;5
8040;2;0;2
8041;47;44;91
8043;0;0;0
8044;86;81;167
8046;106;76;182
8047;219;208;427
8048;53;41;94
8049;48;45;93
8050;52;29;81
8051;64;53;117
8052;0;0;0
8053;38;52;90
8054;52;32;84
8055;0;0;0
8057;0;0;0
8058;0;0;0
8059;0;0;0
8060;1;3;4
8061;7;4;11
8062;0;0;0
8063;2;3;5
8064;0;0;0
8065;0;0;0
8066;0;0;0
8067;0;0;0
8068;0;0;0
8069;0;0;0
8070;0;0;0
8071;3;1;4
8072;0;0;0
8074;0;0;0
8075;2;0;2
8076;0;0;0
8077;0;0;0
8078;0;0;0
8079;0;0;0
8080;2;1;3
8081;0;0;0
8082;3;2;5
8083;1;0;1
8084;0;0;0
8085;48;41;89
8086;0;0;0
8088;0;0;0
8089;0;0;0
8091;0;0;0
8092;31;32;63
8093;0;0;0
8094;2;0;2
8095;2;3;5
8096;4;5;9
8097;0;0;0
8098;0;0;0
8099;6;10;16
8100;61;60;121
8102;4;3;7
8103;32;36;68
8104;16;18;34
8105;277;327;604
8107;44;38;82
8108;636;679;1315
8109;265;444;709
8110;0;0;0
8111;73;87;160
8112;27;22;49
8113;40;22;62
8114;61;65;126
8115;3;3;6
8116;1;4;5
8117;73;61;134
8118;0;1;1
8119;0;0;0
8120;5;2;7
8121;6;10;16
8122;5;1;6
8124;1;4;5
8125;0;0;0
8126;33;21;54
8127;0;2;2
8128;0;0;0
8129;0;0;0
8130;0;2;2
8131;2;4;6
8132;3;1;4
8133;13;12;25
8134;3;0;3
8135;15;19;34
8136;5;5;10
8138;0;0;0
8139;5;5;10
8141;1;1;2
8142;21;18;39
8143;2;3;5
8144;17;14;31
8145;0;0;0
8146;0;1;1
8147;161;136;297
8148;0;0;0
8149;1;1;2
8150;0;2;2
8151;0;0;0
8153;0;0;0
8155;1;0;1
8156;0;0;0
8157;2;1;3
8158;12;12;24
8159;18;16;34
8160;6;4;10
8161;229;213;442
8162;189;253;442
8163;2;2;4
8164;2;0;2
8165;25;18;43
8166;0;1;1
8167;2;1;3
8169;35;29;64
8170;29;40;69
8172;0;0;0
8173;5;2;7
8174;435;473;908
8175;3;3;6
8176;21;19;40
8177;37;25;62
8178;0;0;0
8179;2;4;6
8180;18;17;35
8181;13;5;18
8182;10;9;19
8183;5;9;14
8184;5;10;15
8186;20;35;55
8187;0;0;0
8188;16;16;32
8189;62;46;108
8190;3;5;8
8191;25;28;53
8193;0;0;0
8194;227;284;511
8195;48;57;105
8196;0;0;0
8197;9;1;10
8198;3;4;7
8200;7;3;10
8201;34;18;52
8202;23;20;43
8203;29;19;48
8205;35;31;66
8206;391;480;871
8207;21;16;37
8208;16;17;33
8209;0;0;0
8210;44;27;71
8211;52;57;109
8212;0;0;0
8213;9;14;23
8214;3;1;4
8215;0;0;0
8216;4;3;7
8217;4;7;11
8219;1;4;5
8220;14;33;47
8222;0;0;0
8223;2;0;2
8224;8;0;8
8225;3;7;10
8226;1;5;6
8227;11;7;18
8228;8;7;15
8229;0;0;0
8230;30;26;56
8231;12;10;22
8232;0;0;0
8233;0;0;0
8234;1;7;8
8236;137;113;250
8237;7;5;12
8238;2;2;4
8239;5;3;8
8240;0;0;0
8241;85;67;152
8242;0;0;0
8243;22;22;44
8244;2;2;4
8245;0;0;0
8246;3;1;4
8247;19;22;41
8248;0;0;0
8251;5;6;11
8253;0;0;0
8254;1;1;2
8255;248;256;504
8256;328;308;636
8257;5;1;6
8258;5;4;9
8259;0;0;0
8260;5;4;9
8261;10;17;27
8262;1;4;5
8263;14;16;30
8264;84;67;151
8265;4;2;6
8267;2;2;4
8268;13;14;27
8269;14;4;18
8270;0;0;0
8271;1;0;1
8272;9;6;15
8273;3;4;7
8274;7;9;16
8275;10;5;15
8276;3;2;5
8277;1;0;1
8278;7;6;13
8279;0;0;0
8280;0;0;0
8281;8;3;11
8282;0;0;0
8284;35;34;69
8285;3;2;5
8286;11;6;17
8287;10;12;22
8288;32;32;64
8289;99;102;201
8290;25;22;47
8292;0;0;0
8293;4;2;6
8294;1;2;3
8295;7;5;12
8296;1;2;3
8298;1;3;4
8299;5;4;9
8300;4;3;7
8301;26;19;45
8303;6;4;10
8304;0;3;3
8305;5;1;6
8306;3;6;9
8307;3;8;11
8308;7;7;14
8309;95;80;175
8310;156;155;311
8311;36;49;85
8312;10;6;16
8313;39;38;77
8314;2;4;6
8315;9;2;11
8317;2;1;3
8318;4;2;6
8319;0;3;3
8320;4;5;9
8321;44;30;74
8322;2;0;2
8323;58;55;113
8324;2;2;4
8325;211;191;402
8326;0;3;3
8327;3;0;3
8328;1;0;1
8329;24;12;36
8330;0;1;1
8331;200;213;413
8334;4;11;15
8335;2;3;5
8336;21;27;48
8337;3;4;7
8338;5;5;10
8339;137;125;262
8340;2;4;6
8341;7;6;13
8342;1;4;5
8344;2;1;3
8345;160;265;425
8346;156;132;288
8348;262;216;478
8349;410;366;776
8351;85;35;120
8352;204;151;355
8353;119;74;193
8354;12;7;19
8355;29;33;62
8356;26;25;51
8357;30;28;58
8358;34;33;67
8360;0;0;0
8361;28;20;48
8362;4;4;8
8363;0;0;0
8365;442;611;1053
8366;114;95;209
8367;525;554;1079
8368;317;295;612
8369;94;62;156
8370;14;10;24
8371;25;22;47
8372;10;8;18
8373;0;1;1
8374;23;18;41
8375;225;204;429
8376;213;139;352
8377;113;101;214
8379;51;33;84
8380;207;190;397
8382;22;37;59
8384;88;86;174
8385;0;0;0
8386;0;0;0
8388;258;233;491
8389;12;9;21
8390;61;40;101
8391;171;164;335
8392;145;152;297
8393;8;7;15
8394;168;180;348
8397;3;8;11
8398;33;30;63
8399;3;1;4
8401;23;14;37
8403;62;59;121
8404;68;77;145
8405;16;12;28
8407;1;1;2
8408;269;259;528
8409;51;55;106
8410;46;45;91
8411;140;106;246
8412;341;263;604
8413;189;120;309
8415;219;169;388
8416;15;6;21
8417;109;89;198
8419;6;7;13
8420;3;6;9
8421;641;454;1095
8422;2;474;476
8423;15;10;25
8424;311;415;726
8425;153;307;460
8426;77;7;84
8427;354;33;387
8429;212;300;512
8430;56;99;155
8432;172;180;352
8433;187;211;398
8434;227;213;440
8435;229;198;427
8436;207;253;460
8437;119;120;239
8438;259;255;514
8439;249;253;502
8440;0;0;0
8441;260;276;536
8442;415;412;827
8443;63;28;91
8444;264;251;515
8446;0;0;0
8447;0;0;0
8448;104;69;173
8449;100;106;206
8450;29;26;55
8452;27;27;54
8453;0;0;0
8454;1331;0;1331
8455;0;1027;1027
8456;0;0;0
8457;1;757;758
8458;499;610;1109
8460;0;0;0
8463;354;333;687
8464;355;361;716
8467;4;5;9
8468;16;15;31
8470;29;19;48
8473;0;0;0
8474;162;130;292
8475;310;289;599
8478;0;0;0
8479;31;30;61
8480;0;0;0
8482;12;9;21
8483;233;224;457
8484;2;0;2
8485;4281;0;4281
8486;3;1;4
8487;2;2960;2962
8488;3;665;668
8489;2;615;617
8490;407;364;771
8491;1933;82;2015
8492;973;0;973
8494;221;142;363
8495;187;152;339
8496;187;180;367
8497;653;565;1218
8498;329;225;554
8499;1462;0;1462
8500;746;125;871
8501;253;216;469
8502;283;360;643
8503;540;780;1320
8504;1;723;724
8505;2;1034;1036
8506;306;586;892
8507;479;497;976
8508;136;156;292
8510;2;366;368
8511;250;350;600
8513;360;267;627
8514;1;1124;1125
8515;169;133;302
8518;371;207;578
8519;197;135;332
8520;297;289;586
8521;498;359;857
8522;386;284;670
8523;232;176;408
8524;0;0;0
8525;0;0;0
8529;141;155;296
8530;498;346;844
8531;320;237;557
8532;238;207;445
8533;12;630;642
8535;263;236;499
8536;300;294;594
8537;375;257;632
8540;160;124;284
8541;892;0;892
8542;763;1;764
8544;65;892;957
8546;642;606;1248
8547;239;151;390
8548;388;309;697
8549;220;179;399
8550;0;0;0
8551;0;0;0
8552;1167;47;1214
8553;648;521;1169
8554;372;248;620
8555;132;100;232
8556;331;268;599
8558;234;228;462
8561;185;149;334
8562;186;161;347
8563;382;293;675
8564;261;258;519
8565;0;0;0
8567;0;0;0
8568;0;0;0
8569;18;586;604
8571;23;19;42
8572;186;124;310
8573;0;0;0
8575;0;0;0
8576;161;116;277
8577;0;0;0
8579;217;178;395
8581;192;113;305
8583;0;0;0
8584;0;0;0
8585;53;30;83
8586;170;90;260
8587;413;391;804
8589;963;884;1847
8590;0;0;0
8592;0;983;983
8593;0;0;0
8598;126;172;298
8601;55;53;108
8603;1753;0;1753
8604;459;492;951
8609;1197;214;1411
8611;627;472;1099
8612;0;0;0
8613;0;457;457
8614;1;1138;1139
8615;1;1001;1002
8616;529;546;1075
8617;2;818;820
8618;235;296;531
8620;264;174;438
8621;0;0;0
8623;175;158;333
8625;569;81;650
8626;0;0;0
8627;1013;1081;2094
8629;0;1099;1099
8630;0;0;0
8631;389;355;744
8632;821;764;1585
8634;914;0;914
8635;0;0;0
8636;829;755;1584
8639;215;240;455
8642;0;0;0
8643;2;772;774
8644;820;111;931
8645;847;983;1830
8646;0;0;0
8647;0;0;0
8648;0;0;0
8649;320;233;553
8650;155;142;297
8652;548;398;946
8653;0;0;0
8654;107;123;230
8656;0;0;0
8657;451;375;826
8658;5;1081;1086
8659;449;237;686
8660;0;0;0
8661;488;387;875
8663;466;410;876
8665;208;157;365
8666;261;281;542
8667;0;0;0
8670;0;0;0
8671;276;222;498
8673;0;0;0
8674;411;1;412
8675;1;966;967
8676;583;476;1059
8677;0;0;0
8678;177;174;351
8680;293;296;589
8681;692;659;1351
8682;647;589;1236
8684;220;132;352
8685;474;436;910
8689;0;0;0
8690;348;315;663
8693;0;0;0
8695;0;0;0
8697;837;119;956
8699;197;175;372
8700;106;95;201
8703;417;333;750
8706;189;175;364
8707;0;0;0
8709;0;0;0
8712;37;11;48
8714;303;281;584
8715;237;147;384
8716;0;0;0
8717;152;84;236
8718;128;80;208
8720;222;114;336
8721;174;65;239
8724;182;183;365
8725;52;32;84
8726;227;202;429
8728;418;406;824
8734;0;0;0
8739;212;193;405
8740;352;586;938
8748;1088;927;2015
8749;0;0;0
8750;713;682;1395
8751;0;0;0
8754;549;466;1015
8755;326;304;630
8756;815;698;1513
8757;994;1019;2013
8758;0;0;0
8759;0;206;206
8760;0;0;0
8761;800;489;1289
8762;0;398;398
8763;1;0;1
8764;0;0;0
8765;0;0;0
8768;0;0;0
8769;318;378;696
8771;0;0;0
8772;0;0;0
8773;0;0;0
8775;0;0;0
8780;206;152;358
8781;58;51;109
8782;0;0;0
8787;0;0;0
8788;0;0;0
8789;0;0;0
8791;37;933;970
8792;0;0;0
8793;13;2;15
8795;0;0;0
8797;0;0;0
8800;201;164;365
8807;0;0;0
8809;21;25;46
8810;0;0;0
8811;326;426;752
8812;371;79;450
8813;718;104;822
8814;218;95;313
8815;812;741;1553
8816;0;0;0
8818;499;526;1025
8819;522;379;901
8821;637;741;1378
8822;432;357;789
8823;0;0;0
8824;0;0;0
8825;572;547;1119
8826;0;0;0
8827;431;594;1025
8828;681;595;1276
8830;0;0;0
8831;0;0;0
8832;77;69;146
8833;242;266;508
8835;425;419;844
8837;85;41;126
8839;182;127;309
8840;53;35;88
8841;567;679;1246
8842;0;0;0
8843;0;0;0
8844;0;0;0
8845;77;49;126
8846;359;493;852
8849;570;569;1139
8852;0;0;0
8853;0;0;0
8854;398;172;570
8856;0;0;0
8859;0;0;0
8860;107;65;172
8861;187;160;347
8862;1187;1;1188
8863;505;516;1021
8866;0;0;0
8867;522;430;952
8868;252;310;562
8869;589;598;1187
8870;666;765;1431
8871;0;873;873
8872;388;402;790
8873;0;1403;1403
8876;31;21;52
8877;985;972;1957
8878;0;1172;1172
8880;398;357;755
8881;0;0;0
8883;33;26;59
8885;407;420;827
8888;2059;0;2059
8889;0;0;0
8891;0;0;0
8892;568;464;1032
8893;797;771;1568
8894;0;699;699
8895;63;25;88
8899;0;0;0
8900;537;364;901
8902;740;0;740
8903;408;354;762
8904;0;719;719
8905;145;96;241
8906;1376;1244;2620
8908;0;0;0
8909;667;571;1238
8911;160;157;317
8912;0;0;0
8913;0;0;0
8914;159;107;266
8916;0;0;0
8917;986;883;1869
8919;538;394;932
8921;237;157;394
8922;0;0;0
8923;767;678;1445
8924;0;0;0
8925;837;173;1010
8926;3;1304;1307
8927;0;1831;1831
8928;2584;52;2636
8930;3;1011;1014
8931;32;498;530
8933;508;490;998
8934;75;26;101
8935;0;0;0
8936;135;107;242
8938;211;246;457
8941;0;0;0
8942;582;513;1095
8943;0;0;0
8944;454;369;823
8945;1;530;531
8949;0;0;0
8950;318;504;822
8951;0;0;0
8952;0;0;0
8953;0;640;640
8954;0;1005;1005
8955;230;214;444
8956;119;68;187
8957;59;38;97
8958;0;0;0
8959;159;129;288
8962;0;0;0
8964;0;0;0
8965;0;0;0
8966;417;374;791
8967;0;0;0
8969;363;346;709
8970;255;290;545
8971;0;0;0
8972;829;796;1625
8974;261;254;515
8978;641;613;1254
8979;572;553;1125
8981;364;407;771
8982;0;0;0
8983;0;0;0
8984;475;520;995
8986;57;71;128
8987;0;0;0
8988;140;463;603
8989;0;0;0
8991;793;801;1594
8992;443;501;944
8993;0;0;0
8995;963;961;1924
8996;1454;343;1797
8997;92;80;172
8998;179;301;480
9001;0;0;0
9003;761;818;1579
9004;196;298;494
9005;0;0;0
9006;482;420;902
9007;251;237;488
9008;314;262;576
9010;80;47;127
9011;191;159;350
9012;310;264;574
9013;372;282;654
9017;188;220;408
9020;400;626;1026
9022;0;0;0
9023;0;0;0
9025;105;93;198
9026;50;29;79
9027;0;0;0
9029;0;0;0
9032;44;30;74
9033;453;485;938
9035;179;168;347
9036;475;498;973
9038;42;24;66
9039;189;167;356
9041;0;0;0
9042;581;456;1037
9043;20;25;45
9046;1064;1006;2070
9049;0;0;0
9050;0;0;0
9051;933;971;1904
9052;0;0;0
9053;522;578;1100
9054;127;433;560
9056;17;17;34
9057;0;0;0
9058;310;348;658
9060;174;215;389
9061;186;136;322
9063;869;46;915
9064;158;315;473
9065;217;221;438
9066;0;0;0
9067;0;0;0
9069;259;232;491
9070;316;242;558
9071;314;405;719
9072;303;238;541
9073;218;766;984
9074;742;765;1507
9075;163;120;283
9077;351;132;483
9078;394;487;881
9082;360;345;705
9083;80;56;136
9084;413;379;792
9085;278;209;487
9086;83;59;142
9087;375;352;727
9088;759;698;1457
9089;367;278;645
9090;137;91;228
9091;245;169;414
9092;0;0;0
9094;0;0;0
9095;0;0;0
9096;0;0;0
9097;318;273;591
9098;304;259;563
9099;0;0;0
9100;914;933;1847
9102;332;280;612
9103;237;204;441
9104;397;379;776
9105;343;305;648
9106;660;451;1111
9107;38;41;79
9108;0;0;0
9110;163;160;323
9111;185;168;353
9116;64;40;104
9117;362;333;695
9119;0;0;0
9120;0;0;0
9121;295;300;595
9122;255;219;474
9123;0;0;0
9124;0;0;0
9125;410;399;809
9127;390;352;742
9128;61;40;101
9131;333;251;584
9134;0;0;0
9135;96;56;152
9137;80;30;110
9140;345;302;647
9142;105;104;209
9144;260;298;558
9145;88;76;164
9146;0;476;476
9147;499;407;906
9149;0;0;0
9150;428;395;823
9151;128;126;254
9152;0;0;0
9153;40;30;70
9155;0;0;0
9156;33;9;42
9158;913;1038;1951
9159;200;322;522
9161;0;0;0
9162;331;429;760
9164;112;380;492
9165;154;159;313
9166;0;0;0
9168;412;455;867
9169;0;0;0
9171;272;293;565
9172;246;207;453
9173;0;0;0
9175;157;102;259
9177;141;169;310
9179;444;393;837
9180;0;0;0
9181;0;0;0
9182;289;260;549
9183;54;41;95
9184;0;562;562
9185;1477;0;1477
9187;72;95;167
9189;10;13;23
9190;74;74;148
9194;740;419;1159
9197;339;333;672
9198;0;0;0
9200;370;381;751
9201;83;105;188
9204;67;26;93
9205;222;199;421
9206;569;531;1100
9208;357;344;701
9209;0;748;748
9212;32;13;45
9213;254;239;493
9216;319;359;678
9217;332;357;689
9218;2;4;6
9221;613;382;995
9222;0;0;0
9223;0;0;0
9225;0;0;0
9226;0;0;0
9227;0;0;0
9228;89;53;142
9229;0;0;0
9230;28;301;329
9231;0;0;0
9232;0;0;0
9236;0;0;0
9237;692;663;1355
9239;300;213;513
9240;13;5;18
9242;0;0;0
9244;400;290;690
9245;0;0;0
9246;762;715;1477
9249;432;417;849
9250;746;728;1474
9252;0;0;0
9254;0;0;0
9259;693;628;1321
9262;0;0;0
9263;53;46;99
9265;0;0;0
9267;797;824;1621
9268;97;104;201
9270;135;85;220
9271;381;469;850
9273;0;0;0
9275;0;0;0
9276;327;338;665
9277;528;444;972
9278;329;383;712
9280;0;0;0
9281;288;255;543
9282;167;114;281
9283;774;683;1457
9284;274;267;541
9285;194;161;355
9287;0;0;0
9288;257;235;492
9289;168;129;297
9290;160;128;288
9291;0;0;0
9292;344;239;583
9293;176;134;310
9294;192;150;342
9295;0;0;0
9296;183;132;315
9297;0;0;0
9298;396;349;745
9299;273;246;519
9302;141;132;273
9303;0;0;0
9304;128;112;240
9306;52;39;91
9307;139;115;254
9308;300;258;558
9311;112;80;192
9312;1013;1208;2221
9313;0;0;0
9317;1113;0;1113
9318;163;187;350
9323;0;0;0
9324;213;205;418
9326;0;0;0
9327;0;0;0
9328;550;539;1089
9330;620;533;1153
9331;1241;1217;2458
9332;295;371;666
9333;150;157;307
9334;314;299;613
9335;95;106;201
9337;136;107;243
9338;0;0;0
9339;60;68;128
9340;905;1118;2023
9341;243;174;417
9342;198;188;386
9343;0;0;0
9344;0;0;0
9345;50;32;82
9347;563;705;1268
9348;66;44;110
9349;0;0;0
9350;0;0;0
9351;0;0;0
9355;0;0;0
9356;789;857;1646
9357;0;0;0
9358;163;156;319
9360;0;0;0
9362;438;521;959
9363;140;102;242
9366;353;303;656
9368;104;101;205
9369;476;514;990
9372;0;0;0
9373;389;420;809
9375;112;98;210
9376;53;25;78
9377;407;197;604
9379;0;0;0
9380;0;0;0
9381;0;0;0
9382;0;0;0
9383;0;0;0
9385;438;471;909
9386;0;0;0
9387;0;0;0
9388;0;0;0
9389;0;0;0
9391;0;0;0
9393;0;0;0
9394;0;0;0
9396;154;147;301
9397;0;0;0
9402;0;0;0
9404;0;0;0
9405;172;188;360
9406;670;0;670
9407;420;260;680
9408;282;43;325
9409;1;861;862
9410;133;92;225
9411;471;388;859
9412;0;0;0
9413;163;147;310
9414;281;249;530
9415;401;231;632
9416;150;119;269
9418;153;120;273
9419;147;124;271
9421;141;110;251
9422;134;89;223
9423;0;0;0
9424;372;306;678
9426;311;211;522
9427;0;0;0
9428;189;144;333
9429;166;136;302
9430;225;232;457
9431;241;185;426
9433;211;174;385
9436;0;0;0
9437;125;81;206
9438;0;0;0
9439;0;0;0
9443;131;103;234
9444;86;55;141
9445;0;0;0
9446;86;88;174
9452;0;0;0
9453;0;0;0
9457;169;107;276
9458;209;161;370
9459;0;0;0
9460;145;119;264
9461;0;263;263
9467;65;52;117
9468;0;0;0
9469;0;0;0
9471;0;0;0
9472;493;932;1425
9473;139;113;252
9474;0;481;481
9476;0;0;0
9477;0;0;0
9480;0;0;0
9481;0;0;0
9483;0;0;0
9484;1;1032;1033
9485;97;72;169
9486;481;378;859
9487;204;0;204
9488;0;0;0
9489;139;145;284
9490;99;115;214
9499;49;45;94
9500;158;251;409
9502;346;344;690
9503;200;173;373
9504;1079;1016;2095
9505;558;648;1206
9506;178;191;369
9507;0;353;353
9508;93;88;181
9509;242;153;395
9510;171;172;343
9511;122;107;229
9512;47;59;106
9513;0;0;0
9516;0;0;0
9517;0;0;0
9518;82;87;169
9519;547;521;1068
9520;44;40;84
9521;0;0;0
9524;0;0;0
9525;0;0;0
9526;0;0;0
9527;252;233;485
9528;0;0;0
9531;42;29;71
9533;68;38;106
9534;609;608;1217
9535;0;0;0
9536;272;291;563
9537;98;82;180
9539;127;85;212
9540;81;57;138
9543;61;43;104
9544;171;185;356
9547;166;123;289
9549;0;0;0
9550;0;0;0
9551;133;114;247
9553;252;253;505
9554;0;0;0
9556;297;362;659
9557;0;0;0
9558;335;330;665
9562;0;0;0
9564;621;609;1230
9565;0;0;0
9566;0;0;0
9567;0;0;0
9569;0;0;0
9570;522;557;1079
9572;142;126;268
9573;0;0;0
9574;308;343;651
9579;632;34;666
9581;0;643;643
9582;122;86;208
9583;310;331;641
9584;151;129;280
9585;149;145;294
9586;306;250;556
9587;354;347;701
9588;121;108;229
9589;0;0;0
9590;95;83;178
9591;187;160;347
9592;108;101;209
9593;98;93;191
9595;160;151;311
9596;0;0;0
9597;127;88;215
9598;157;145;302
9599;295;249;544
9600;154;131;285
9601;169;191;360
9602;160;154;314
9603;0;0;0
9604;312;298;610
9605;137;111;248
9606;149;94;243
9607;34;32;66
9608;111;73;184
9609;164;149;313
9610;229;200;429
9611;115;113;228
9612;156;163;319
9614;160;101;261
9616;246;216;462
9617;431;352;783
9618;531;467;998
9620;164;162;326
9621;0;0;0
9625;185;153;338
9626;27;17;44
9629;175;131;306
9631;252;302;554
9634;1100;1004;2104
9635;47;32;79
9636;578;505;1083
9637;770;959;1729
9638;225;206;431
9639;153;121;274
9642;783;695;1478
9643;0;0;0
9646;268;258;526
9647;769;836;1605
9648;108;105;213
9653;137;127;264
9654;668;767;1435
9655;579;614;1193
9656;777;850;1627
9659;830;717;1547
9660;602;562;1164
9663;217;163;380
9664;137;144;281
9665;444;457;901
9666;210;178;388
9667;26;10;36
9668;86;58;144
9669;154;136;290
9673;540;568;1108
9674;104;76;180
9676;148;129;277
9680;213;203;416
9681;0;0;0
9684;485;525;1010
9685;156;152;308
9686;116;213;329
9687;153;203;356
9688;227;236;463
9690;200;145;345
9691;0;0;0
9693;740;409;1149
9694;179;111;290
9695;334;287;621
9697;187;173;360
9698;176;162;338
9699;212;160;372
9700;158;126;284
9701;247;233;480
9702;165;146;311
9703;180;122;302
9704;71;42;113
9705;127;126;253
9706;214;181;395
9707;0;0;0
9709;70;66;136
9710;84;59;143
9713;197;153;350
9714;200;194;394
9715;141;102;243
9716;145;134;279
9717;129;105;234
9718;136;134;270
9719;170;145;315
9720;430;401;831
9721;142;114;256
9722;93;59;152
9726;333;266;599
9727;132;103;235
9728;21;15;36
9729;155;117;272
9730;165;167;332
9732;0;0;0
9733;149;161;310
9734;104;72;176
9736;173;158;331
9738;186;173;359
9740;128;100;228
9741;152;139;291
9743;0;0;0
9744;0;0;0
9745;0;0;0
9747;192;178;370
9748;0;0;0
9749;0;0;0
9750;234;255;489
9752;0;0;0
9754;238;254;492
9755;0;0;0
9757;0;1025;1025
9758;561;640;1201
9759;0;693;693
9760;0;0;0
9762;0;0;0
9766;258;310;568
9767;441;708;1149
9768;735;834;1569
9770;0;0;0
9771;343;346;689
9772;34;36;70
9777;0;0;0
9778;573;565;1138
9779;235;330;565
9780;745;766;1511
9781;713;1040;1753
9782;0;0;0
9784;90;10;100
9785;0;0;0
9786;336;325;661
9788;245;212;457
9789;91;48;139
9791;0;0;0
9792;0;0;0
9794;0;0;0
9796;388;360;748
9797;272;280;552
9799;1031;1047;2078
9800;560;626;1186
9801;374;362;736
9803;190;206;396
9804;93;89;182
9805;178;188;366
9807;87;37;124
9808;167;118;285
9809;130;124;254
9810;451;424;875
9811;791;825;1616
9812;0;0;0
9813;0;0;0
9814;0;0;0
9816;174;203;377
9817;164;188;352
9818;0;0;0
9819;0;0;0
9822;0;0;0
9824;373;456;829
9825;49;23;72
9826;64;61;125
9827;530;522;1052
9828;362;328;690
9829;231;369;600
9830;113;68;181
9832;0;0;0
9834;1076;1020;2096
9841;463;493;956
9842;8;15;23
9844;427;478;905
9845;425;501;926
9847;519;456;975
9850;58;59;117
9852;648;872;1520
9853;352;315;667
9855;260;298;558
9856;0;0;0
9858;0;0;0
9859;446;340;786
9860;714;45;759
9861;339;293;632
9862;241;340;581
9863;375;320;695
9864;366;316;682
9865;384;377;761
9866;272;256;528
9867;567;472;1039
9869;164;120;284
9870;156;147;303
9872;230;147;377
9873;353;241;594
9874;142;87;229
9875;238;170;408
9876;315;258;573
9877;405;269;674
9878;423;351;774
9879;202;168;370
9880;169;109;278
9881;313;288;601
9882;305;217;522
9883;298;276;574
9884;276;267;543
9886;186;156;342
9887;133;105;238
9888;223;177;400
9889;292;402;694
9890;278;233;511
9891;327;307;634
9892;388;392;780
9893;133;85;218
9895;356;301;657
9896;200;200;400
9897;668;403;1071
9898;0;0;0
9900;537;362;899
9901;175;123;298
9902;36;25;61
9903;549;593;1142
9905;214;286;500
9906;380;427;807
9907;405;426;831
9909;1556;1625;3181
9910;206;192;398
9911;356;807;1163
9912;2;760;762
9913;182;165;347
9916;100;108;208
9917;1078;1234;2312
9919;0;732;732
9920;90;76;166
9922;405;398;803
9923;0;0;0
9924;790;730;1520
9925;0;0;0
9926;252;336;588
9928;45;34;79
9930;295;211;506
9932;46;30;76
9936;0;0;0
9937;0;918;918
9939;453;456;909
9940;591;687;1278
9941;209;175;384
9942;206;146;352
9943;0;0;0
9945;214;143;357
9946;127;113;240
9947;1631;0;1631
9948;96;87;183
9950;378;370;748
9953;219;178;397
9955;247;187;434
9957;803;50;853
9959;1620;1715;3335
9960;215;179;394
9963;165;87;252
9967;354;443;797
9968;53;49;102
9970;370;296;666
9972;335;354;689
9973;0;532;532
9974;0;0;0
9975;0;0;0
9976;0;0;0
9979;49;50;99
9980;0;0;0
9981;398;108;506
9982;408;386;794
9984;0;0;0
9985;373;338;711
9986;183;194;377
9987;131;92;223
9990;0;0;0
9991;191;71;262
9992;305;258;563
9993;437;317;754
9994;253;144;397
9995;2;549;551
9996;85;63;148
9998;444;336;780
9999;102;110;212
10000;332;251;583
10001;229;180;409
10004;0;0;0
10005;454;417;871
10006;334;237;571
10008;0;0;0
10009;0;0;0
10010;138;120;258
10012;116;91;207
10014;140;120;260
10015;538;437;975
10018;116;64;180
10019;174;106;280
10021;162;161;323
10023;281;176;457
10026;198;178;376
10028;139;89;228
10029;0;0;0
10030;1005;912;1917
10031;0;0;0
10032;202;211;413
10035;179;114;293
10036;342;269;611
10041;124;106;230
10042;551;677;1228
10044;572;154;726
10046;290;246;536
10050;0;0;0
10052;278;162;440
10053;0;0;0
10056;87;44;131
10058;495;383;878
10059;0;0;0
10063;108;97;205
10064;149;149;298
10066;0;0;0
10068;0;0;0
10069;661;634;1295
10070;0;0;0
10072;0;0;0
10073;668;23;691
10074;103;110;213
10075;155;227;382
10076;393;453;846
10077;266;174;440
10078;0;0;0
10080;180;202;382
10081;698;558;1256
10083;265;234;499
10085;377;289;666
10086;163;120;283
10087;143;107;250
10088;135;96;231
10089;288;241;529
10090;317;266;583
10091;286;206;492
10092;183;109;292
10093;194;137;331
10094;0;0;0
10095;111;59;170
10097;112;82;194
10098;112;126;238
10099;150;171;321
10100;161;115;276
10102;135;97;232
10103;350;290;640
10104;179;188;367
10105;318;279;597
10106;295;250;545
10107;109;120;229
10108;133;137;270
10109;121;93;214
10110;0;0;0
10111;0;0;0
10112;0;0;0
10113;251;251;502
10114;240;208;448
10116;251;188;439
10117;140;121;261
10118;0;0;0
10119;246;194;440
10120;271;362;633
10121;131;86;217
10122;244;218;462
10123;240;233;473
10124;192;172;364
10125;118;70;188
10126;221;180;401
10127;116;49;165
10128;265;291;556
10130;276;264;540
10133;28;27;55
10134;172;188;360
10135;160;108;268
10136;0;0;0
10139;0;0;0
10140;221;220;441
10142;130;108;238
10143;156;149;305
10147;206;209;415
10148;0;0;0
10149;205;181;386
10150;0;0;0
10151;329;400;729
10152;253;177;430
10155;153;160;313
10156;188;200;388
10157;337;288;625
10158;580;502;1082
10159;192;137;329
10160;365;462;827
10162;828;715;1543
10164;495;526;1021
10167;399;309;708
10168;380;403;783
10171;68;70;138
10172;152;182;334
10173;132;93;225
10176;74;35;109
10181;0;0;0
10182;193;139;332
10183;94;80;174
10184;0;0;0
10186;333;310;643
10187;1;1469;1470
10190;0;0;0
10191;89;35;124
10193;599;689;1288
10195;0;0;0
10196;427;379;806
10197;0;251;251
10199;488;369;857
10200;1;1081;1082
10201;267;209;476
10202;635;0;635
10203;0;0;0
10204;219;130;349
10205;172;153;325
10207;520;409;929
10210;196;163;359
10211;0;0;0
10212;266;216;482
10216;159;120;279
10217;109;72;181
10218;0;0;0
10219;99;56;155
10220;1033;0;1033
10221;254;217;471
10222;0;0;0
10223;299;349;648
10224;0;1176;1176
10225;145;104;249
10226;367;285;652
10228;0;693;693
10229;131;90;221
10232;263;456;719
10233;310;222;532
10234;89;45;134
10235;182;141;323
10236;0;0;0
10237;0;0;0
10239;451;342;793
10240;720;558;1278
10241;218;192;410
10242;0;0;0
10245;425;407;832
10246;1005;1049;2054
10247;581;725;1306
10248;331;227;558
10249;0;0;0
10250;378;348;726
10251;233;232;465
10252;397;363;760
10253;583;500;1083
10254;153;145;298
10255;207;440;647
10257;291;232;523
10259;554;310;864
10260;185;130;315
10262;357;288;645
10263;166;158;324
10264;175;140;315
10265;156;144;300
10266;401;335;736
10267;168;97;265
10268;233;171;404
10269;226;173;399
10270;255;222;477
10271;141;122;263
10272;239;209;448
10273;204;167;371
10274;0;0;0
10277;320;278;598
10278;149;121;270
10279;162;139;301
10280;130;118;248
10281;3;488;491
10282;159;140;299
10283;292;229;521
10284;0;0;0
10285;189;206;395
10286;0;0;0
10288;97;58;155
10290;160;144;304
10291;199;178;377
10293;52;15;67
10295;0;0;0
10300;132;82;214
10301;290;222;512
10302;163;109;272
10305;208;194;402
10306;109;82;191
10307;378;262;640
10309;187;128;315
10312;0;0;0
10313;503;454;957
10314;0;0;0
10315;476;420;896
10320;658;642;1300
10321;110;74;184
10322;0;0;0
10324;624;566;1190
10326;299;293;592
10327;433;369;802
10328;0;0;0
10329;451;354;805
10330;0;0;0
10331;113;130;243
10332;582;542;1124
10333;342;345;687
10334;208;166;374
10335;147;88;235
10336;764;711;1475
10337;311;360;671
10338;274;257;531
10340;0;0;0
10341;204;211;415
10343;0;0;0
10344;524;531;1055
10345;524;519;1043
10346;134;92;226
10348;263;214;477
10349;0;0;0
10350;0;892;892
10351;339;311;650
10352;406;369;775
10353;25;11;36
10355;278;261;539
10358;0;0;0
10359;217;199;416
10361;152;154;306
10362;70;40;110
10363;107;87;194
10364;361;353;714
10365;186;217;403
10371;0;0;0
10372;144;129;273
10375;54;55;109
10376;134;109;243
10377;220;154;374
10384;37;28;65
10385;260;288;548
10386;60;34;94
10388;0;0;0
10393;0;0;0
10394;0;0;0
10395;0;0;0
10396;371;203;574
10397;350;48;398
10398;912;0;912
10399;698;657;1355
10400;396;339;735
10401;375;393;768
10402;92;46;138
10403;292;276;568
10404;336;282;618
10405;378;481;859
10407;352;293;645
10408;357;145;502
10409;164;140;304
10410;193;184;377
10411;262;220;482
10412;108;110;218
10413;284;243;527
10415;673;733;1406
10416;79;45;124
10418;0;0;0
10419;466;547;1013
10420;459;438;897
10421;147;155;302
10422;270;269;539
10424;218;172;390
10425;302;240;542
10426;132;112;244
10427;130;105;236
10428;101;85;186
10429;152;155;307
10430;351;350;701
10431;71;10;81
10432;390;350;740
10433;283;194;477
10434;0;0;0
10435;68;73;141
10436;77;69;146
10439;3;6;9
10441;26;21;47
10442;5;4;9
10443;66;72;138
10444;90;82;172
10447;211;213;424
10449;332;0;332
10450;790;767;1557
10451;0;0;0
10452;177;221;398
10453;521;88;609
10455;305;279;584
10456;154;377;531
10457;474;433;907
10458;438;423;861
10459;246;179;425
10460;337;220;557
10461;264;202;466
10462;322;172;494
10464;182;154;336
10465;321;321;642
10466;0;0;0
10467;0;0;0
10469;0;0;0
10470;540;472;1012
10472;219;216;435
10473;284;262;546
10474;679;477;1156
10475;389;406;795
10476;413;450;863
10478;360;334;694
10479;387;394;781
10480;33;24;57
10481;0;0;0
10482;261;221;482
10484;388;364;752
10486;0;0;0
10487;1896;1820;3716
10488;342;289;631
10489;508;551;1059
10490;0;0;0
10491;55;838;893
10492;230;217;447
10493;329;268;597
10494;0;0;0
10495;327;320;647
10496;868;0;868
10497;78;942;1020
10498;0;0;0
10500;508;544;1052
10501;331;306;637
10502;849;0;849
10503;201;944;1145
10505;475;639;1114
10506;552;448;1000
10507;1;859;860
10509;0;0;0
10512;151;146;297
10513;107;68;175
10515;385;396;781
10516;323;303;626
10517;0;0;0
10519;196;186;382
10520;497;469;966
10522;99;94;193
10524;179;156;335
10525;0;0;0
10526;232;214;446
10527;232;227;459
10528;116;71;187
10529;109;74;183
10530;64;59;123
10531;0;0;0
10532;4;5;9
10533;0;0;0
10534;0;0;0
10536;95;89;184
10537;65;41;106
10538;0;0;0
10540;274;342;616
10541;562;691;1253
10542;359;303;662
10543;266;316;582
10544;196;516;712
10545;479;60;539
10546;5;699;704
10547;239;0;239
10548;0;255;255
10550;213;103;316
10551;63;40;103
10553;385;277;662
10554;162;145;307
10555;299;267;566
10556;223;185;408
10557;225;175;400
10558;114;70;184
10559;157;116;273
10560;159;153;312
10561;160;129;289
10563;267;0;267
10564;0;439;439
10565;425;368;793
10567;197;122;319
10568;146;131;277
10569;288;296;584
10570;132;97;229
10571;290;234;524
10572;62;72;134
10573;151;43;194
10574;100;74;174
10576;49;32;81
10577;150;78;228
10578;400;341;741
10579;265;219;484
10580;194;193;387
10581;253;247;500
10584;246;297;543
10585;0;0;0
10586;253;215;468
10587;0;0;0
10588;321;250;571
10589;193;194;387
10590;53;45;98
10592;288;232;520
10594;341;248;589
10595;271;213;484
10596;0;0;0
10599;0;0;0
10600;555;521;1076
10601;0;0;0
10603;0;0;0
10604;343;335;678
10606;259;278;537
10607;515;431;946
10608;733;760;1493
10610;377;808;1185
10611;514;557;1071
10614;0;0;0
10615;171;182;353
10618;1180;1145;2325
10619;175;148;323
10621;800;835;1635
10622;134;111;245
10623;110;58;168
10625;393;366;759
10626;258;253;511
10628;200;170;370
10629;163;137;300
10631;143;154;297
10632;329;305;634
10634;0;0;0
10635;524;486;1010
10636;0;0;0
10638;1313;1293;2606
10639;0;0;0
10640;204;160;364
10641;424;356;780
10642;143;110;253
10643;169;156;325
10645;324;295;619
10646;236;178;414
10648;134;123;257
10649;154;166;320
10651;384;324;708
10652;127;122;249
10654;0;0;0
10655;62;50;112
10656;152;141;293
10657;0;0;0
10658;1469;1466;2935
10659;0;0;0
10660;11;48;59
10661;47;39;86
10662;207;248;455
10663;292;342;634
10665;187;168;355
10666;330;302;632
10667;330;353;683
10668;184;151;335
10669;256;247;503
10670;0;0;0
10671;127;151;278
10672;103;132;235
10673;207;215;422
10674;119;121;240
10675;128;97;225
10676;123;89;212
10677;114;116;230
10679;113;89;202
10680;235;204;439
10682;0;0;0
10683;61;14;75
10684;0;0;0
10685;516;665;1181
10686;412;386;798
10687;300;280;580
10688;272;282;554
10689;127;123;250
10692;195;161;356
10693;0;0;0
10694;123;0;123
10696;602;601;1203
10697;570;418;988
10698;67;53;120
10699;426;412;838
10701;0;0;0
10702;124;91;215
10703;49;31;80
10704;485;416;901
10705;149;122;271
10706;121;92;213
10708;0;0;0
10710;436;449;885
10711;455;539;994
10712;112;89;201
10713;509;565;1074
10715;441;230;671
10716;206;225;431
10717;0;346;346
10719;182;135;317
10720;0;0;0
10721;674;695;1369
10722;172;141;313
10723;157;214;371
10724;555;581;1136
10725;325;169;494
10726;489;513;1002
10727;326;314;640
10729;317;214;531
10730;149;116;265
10732;0;0;0
10733;0;0;0
10734;518;607;1125
10735;188;182;370
10736;118;88;206
10737;248;198;446
10738;298;247;545
10740;119;75;194
10741;92;83;175
10742;459;374;833
10743;187;148;335
10744;0;426;426
10746;116;114;230
10747;127;116;243
10748;495;555;1050
10749;353;328;681
10750;454;510;964
10751;126;84;210
10752;214;148;362
10753;159;93;252
10754;203;187;390
10755;43;26;69
10756;102;60;162
10757;444;485;929
10758;218;173;391
10760;152;128;280
10761;0;0;0
10763;216;188;404
10764;159;127;286
10765;29;22;51
10766;44;32;76
10767;222;236;458
10768;256;253;509
10769;353;449;802
10771;144;137;281
10772;415;524;939
10773;915;828;1743
10774;85;58;143
10777;81;94;175
10778;68;39;107
10779;0;0;0
10780;777;777;1554
10781;552;89;641
10782;231;9;240
10783;320;430;750
10784;120;107;227
10785;138;152;290
10786;204;163;367
10787;0;0;0
10789;138;114;252
10790;283;170;453
10791;287;256;543
10792;374;322;696
10794;171;138;309
10795;159;145;304
10796;88;84;172
10797;190;137;327
10798;124;87;211
10799;187;159;346
10800;0;0;0
10801;0;0;0
10803;0;0;0
10805;106;65;171
10806;0;0;0
10810;106;85;191
10811;0;0;0
10815;0;0;0
10816;131;119;250
10818;89;58;147
10820;0;0;0
10821;77;71;148
10822;0;0;0
10824;0;0;0
10825;18;12;30
10827;214;177;391
10828;555;625;1180
10829;159;658;817
10830;1;677;678
10831;809;923;1732
10832;1569;1458;3027
10833;572;513;1085
10834;259;279;538
10835;179;159;338
10836;145;129;274
10837;122;112;234
10838;100;86;186
10839;107;79;186
10840;124;120;244
10841;0;0;0
10842;299;262;561
10844;355;344;699
10845;398;341;739
10846;122;114;236
10848;143;108;251
10849;7;6;13
10850;0;0;0
10851;233;226;459
10852;169;189;358
10853;0;0;0
10854;326;318;644
10855;0;0;0
10856;42;39;81
10858;63;63;126
10859;0;0;0
10861;49;51;100
10862;65;55;120
10863;0;0;0
10864;71;67;138
10865;54;56;110
10866;0;0;0
10867;0;0;0
10868;51;42;93
10869;15;9;24
10870;12;7;19
10871;22;18;40
10872;0;0;0
10873;356;332;688
10876;0;0;0
10877;45;42;87
10878;41;29;70
10879;88;83;171
10880;54;68;122
10881;292;269;561
10882;0;0;0
10883;0;0;0
10884;88;64;152
10885;0;0;0
10887;3;1;4
10889;76;49;125
10892;1482;1677;3159
10893;283;253;536
10894;0;0;0
10897;2;1;3
10898;6;15;21
10900;410;413;823
10901;348;340;688
10902;0;0;0
10904;0;0;0
10905;118;99;217
10906;242;236;478
10908;0;0;0
10909;0;0;0
10911;350;334;684
10912;1;1;2
10913;72;42;114
10914;0;0;0
10915;751;716;1467
10916;69;45;114
10917;568;377;945
10918;0;0;0
10956;181;92;273
10959;0;0;0
10960;0;0;0
10962;629;650;1279
10963;459;411;870
10964;0;0;0
10967;730;359;1089
10968;479;267;746
10970;403;625;1028
10971;68;0;68
10973;28;13;41
10974;27;19;46
10975;105;118;223
10976;50;62;112
10977;0;0;0
10979;0;64;64
11025;54;56;110
11027;5;5;10
11028;0;0;0
11029;15;3;18
11030;14;0;14
11031;12;10;22
11032;186;178;364
11033;247;218;465
11034;333;277;610
11035;150;131;281
11036;10;4;14
11038;128;144;272
11097;0;0;0
11098;0;0;0
11100;0;0;0
11102;0;0;0
11103;187;217;404
11105;460;525;985
11106;763;860;1623
11107;232;241;473
11110;30;15;45
11111;163;143;306
11113;3;2;5
11114;125;99;224
11116;7;12;19
11117;6;7;13
11120;0;0;0
11122;23;24;47
11124;0;0;0
11127;0;0;0
11128;0;0;0
11130;279;306;585
11133;164;134;298
11136;85;8;93
11138;0;0;0
11139;235;246;481
11144;575;624;1199
11145;267;338;605
11147;139;144;283
11148;0;0;0
11151;0;0;0
11153;6;4;10
11154;0;0;0
11155;458;236;694
11156;7;3;10
11157;143;100;243
11176;538;581;1119
11177;502;544;1046
11178;176;132;308
11180;17;31;48
11182;0;0;0
11185;0;0;0
11186;0;0;0
11187;0;0;0
11188;0;0;0
11191;40;0;40
11194;0;0;0
11196;18;8;26
11199;338;242;580
11200;4;6;10
11201;44;39;83
11203;194;169;363
11204;0;0;0
11205;22;3;25
11206;2;1;3
11209;208;235;443
11210;0;0;0
11212;0;0;0
11214;230;330;560
11217;209;177;386
11218;0;0;0
11219;0;0;0
11220;101;101;202
11221;0;0;0
11223;106;102;208
11224;254;198;452
11226;0;0;0
11228;0;0;0
11230;235;43;278
11231;24;0;24
11232;0;0;0
11234;84;4;88
11235;0;0;0
11237;202;218;420
11238;10;20;30
11240;375;369;744
11241;45;35;80
11242;147;119;266
11243;0;0;0
11244;38;30;68
11245;44;28;72
11246;170;130;300
11248;168;143;311
11251;0;0;0
11255;0;0;0
11256;499;424;923
11257;3;1;4
11258;0;0;0
11261;193;170;363
11263;48;34;82
11265;853;776;1629
11267;0;0;0
11268;0;0;0
11273;0;0;0
11277;182;159;341
11279;2;5;7
11283;20;16;36
11284;398;317;715
11285;0;0;0
11286;456;238;694
11287;249;245;494
11290;0;0;0
11291;290;266;556
11316;0;0;0
11317;0;0;0
11318;26;13;39
11319;0;0;0
11320;0;0;0
11322;0;0;0
11323;308;300;608
11324;0;0;0
11325;0;0;0
11329;0;0;0
11330;48;35;83
11332;0;0;0
11333;18;18;36
11334;4;3;7
11335;0;0;0
11336;273;300;573
11337;136;119;255
11338;69;54;123
11339;372;380;752
11340;0;0;0
11342;220;172;392
11343;201;154;355
11344;324;211;535
11346;0;0;0
11347;91;102;193
11348;295;282;577
11349;0;0;0
11350;16;7;23
11352;14;12;26
11388;72;60;132
11389;0;0;0
11390;0;0;0
11391;0;0;0
11392;0;0;0
11394;459;425;884
11395;2;1;3
11396;0;0;0
11397;276;302;578
11398;152;124;276
11399;7;5;12
11400;178;225;403
11401;34;20;54
11402;0;0;0
11403;0;0;0
11404;11;4;15
11405;378;325;703
11406;0;0;0
11407;12;11;23
11408;71;51;122
11410;0;0;0
11411;0;0;0
11413;0;0;0
11414;77;50;127
11415;50;39;89
11416;0;0;0
11417;240;205;445
11418;3;3;6
11419;3;4;7
11420;189;155;344
11421;0;0;0
11422;0;0;0
11423;0;0;0
11424;0;0;0
11425;2;1;3
11427;0;0;0
11428;0;0;0
11429;101;83;184
11430;556;629;1185
11431;45;14;59
11433;0;0;0
11450;0;0;0
11461;0;0;0
11462;31;35;66
11463;0;0;0
11464;0;0;0
11465;77;63;140
11466;0;0;0
11467;146;125;271
11469;0;0;0
11471;32;35;67
11472;144;129;273
11473;3;7;10
11497;3;0;3
11498;380;298;678
11501;22;7;29
11509;293;277;570
11511;0;0;0
11518;0;0;0
11520;18;18;36
11522;6;5;11
11523;0;0;0
11526;17;17;34
11527;99;125;224
11528;4;8;12
11529;38;18;56
11530;20;19;39
11531;0;0;0
11532;15;7;22
11539;1;3;4
11540;8;3;11
11542;12;4;16
11543;1;0;1
11544;91;80;171
11545;0;0;0
11547;10;7;17
11548;143;124;267
11549;0;0;0
11551;0;0;0
11553;20;16;36
11554;42;0;42
11556;0;0;0
11557;0;0;0
11558;0;0;0
11559;0;0;0
11560;0;0;0
11563;0;0;0
11565;0;0;0
11573;0;0;0
11574;0;0;0
11575;2;6;8
11576;5;0;5
11577;20;22;42
11578;3;5;8
11581;17;7;24
11582;2;4;6
11584;0;0;0
11587;0;0;0
11588;0;0;0
11589;0;0;0
11590;5;3;8
11591;126;149;275
11592;0;0;0
11593;2;5;7
11594;107;90;197
11595;0;0;0
11602;0;0;0
11604;0;0;0
11606;0;0;0
11608;472;424;896
11609;1;5;6
11612;129;91;220
11673;0;0;0
11674;35;42;77
11675;26;26;52
11676;2;0;2
11677;458;450;908
11678;270;272;542
11680;236;287;523
11681;452;532;984
11682;0;0;0
11685;0;0;0
11686;0;0;0
11687;137;127;264
11688;0;0;0
11704;219;206;425
11705;108;101;209
11706;326;303;629
11707;332;335;667
11708;140;132;272
11709;199;115;314
11710;17;21;38
11711;389;376;765
11712;448;454;902
11713;0;0;0
11714;30;32;62
11715;207;228;435
11716;101;93;194
11718;446;294;740
11719;180;162;342
11737;0;0;0
11738;0;0;0
11739;48;47;95
11740;0;0;0
11741;107;83;190
11742;0;0;0
11743;209;187;396
11744;51;48;99
11745;0;0;0
11746;140;98;238
11749;0;0;0
11755;0;0;0
11758;0;0;0
11759;10;5;15
11760;0;0;0
11761;106;110;216
11762;0;0;0
11763;0;0;0
11766;37;81;118
11767;0;0;0
11768;8;3;11
11770;0;0;0
11772;0;0;0
11773;0;0;0
11775;0;0;0
11776;736;719;1455
11778;0;0;0
11783;137;125;262
11786;0;0;0
11788;105;66;171
11789;354;328;682
11791;26;15;41
11792;516;478;994
11793;120;127;247
11794;66;42;108
11795;186;136;322
11797;92;97;189
11800;58;41;99
11802;0;0;0
11804;36;19;55
11805;223;219;442
11806;59;36;95
11807;0;0;0
11808;0;0;0
11809;101;121;222
11811;1;422;423
11812;680;684;1364
11813;108;58;166
11814;147;0;147
11816;0;0;0
11817;0;0;0
11818;429;369;798
11822;0;0;0
11825;0;0;0
11827;0;0;0
11828;98;54;152
11830;321;336;657
11831;700;86;786
11833;0;0;0
11835;208;203;411
11836;50;32;82
11837;221;217;438
11838;157;138;295
11839;0;0;0
11843;249;267;516
11845;299;281;580
11848;0;0;0
11850;0;0;0
11851;422;464;886
11853;69;35;104
11854;167;150;317
11855;0;0;0
11856;0;0;0
11858;0;0;0
11860;0;0;0
11862;19;35;54
11864;0;0;0
11865;0;0;0
11867;199;239;438
11869;0;0;0
11870;340;298;638
11871;485;468;953
11878;90;58;148
11879;0;0;0
11881;0;0;0
11882;0;0;0
11883;282;189;471
11885;0;0;0
11886;161;158;319
11887;0;0;0
11890;0;0;0
11892;0;0;0
11893;0;0;0
11897;0;0;0
11898;0;0;0
11899;0;0;0
11901;0;0;0
11902;0;0;0
11903;0;0;0
11905;0;0;0
11906;328;281;609
11909;162;137;299
11910;0;0;0
11912;0;0;0
11914;167;119;286
11915;0;0;0
11918;162;172;334
11920;0;0;0
11921;48;35;83
11922;0;0;0
11923;135;162;297
11924;22;10;32
11925;0;0;0
11926;229;189;418
11928;110;55;165
11929;0;0;0
11931;355;353;708
11932;26;19;45
11934;0;0;0
11936;471;394;865
11942;325;296;621
11943;0;0;0
11945;0;0;0
11946;0;0;0
11947;0;0;0
11948;0;0;0
11949;149;122;271
11950;110;107;217
11951;0;0;0
11952;199;211;410
11953;0;0;0
11956;0;0;0
11959;0;0;0
11960;0;0;0
11962;643;751;1394
11965;499;515;1014
11966;0;0;0
11967;0;0;0
11968;807;763;1570
11971;442;366;808
11977;588;677;1265
11978;0;0;0
11979;143;156;299
11980;77;35;112
11985;0;0;0
11987;0;0;0
11988;0;0;0
11991;0;0;0
11993;647;478;1125
11994;264;311;575
11997;328;236;564
11998;67;46;113
12001;330;319;650
12002;165;157;322
12003;0;0;0
12004;178;113;291
12005;686;214;900
12006;55;17;72
12008;415;439;854
12010;0;0;0
12011;0;0;0
12013;0;0;0
12014;75;71;146
12015;305;291;596
12018;7;9;16
12019;0;0;0
12020;324;273;597
12021;0;0;0
12022;101;100;201
12023;107;57;164
12024;253;245;498
12025;47;292;339
12027;343;330;673
12028;0;0;0
12029;0;0;0
12030;0;0;0
12031;281;320;601
12032;254;249;503
12033;923;77;1000
12034;0;0;0
12035;14;18;32
12036;265;0;265
12037;334;406;740
12038;0;0;0
12039;0;0;0
12041;0;0;0
12042;25;14;39
12045;0;0;0
12046;236;242;478
12047;0;0;0
12048;0;0;0
12050;365;323;688
12051;54;21;75
12052;34;25;59
12053;0;0;0
12054;0;0;0
12055;0;0;0
12056;0;0;0
12058;229;214;443
12059;80;55;135
12061;0;0;0
12062;780;142;922
12063;411;469;880
12064;1;2;3
12065;3;3;6
12072;0;0;0
12073;0;0;0
12076;433;405;838
12077;431;508;939
12079;306;242;548
12080;0;0;0
12082;0;0;0
12083;366;317;683
12085;232;209;441
12086;182;137;319
12087;721;658;1379
12089;0;0;0
12090;149;118;267
12092;119;106;225
12093;0;0;0
12094;525;309;834
12095;171;159;330
12096;0;0;0
12097;101;29;130
12100;0;0;0
12101;0;0;0
12102;27;29;56
12103;52;22;74
12104;0;0;0
12105;212;184;396
12108;60;62;122
12111;337;273;610
12112;0;0;0
12113;226;212;438
12114;0;0;0
12115;390;375;765
12117;451;329;780
12118;150;97;247
12119;60;23;83
12120;0;0;0
12121;48;22;70
12122;398;372;770
12126;291;184;475
12127;0;0;0
12130;125;112;237
12133;148;146;294
12134;0;0;0
12136;28;15;43
12137;0;0;0
12139;0;0;0
12143;29;12;41
12146;341;358;699
12151;586;584;1170
12152;0;0;0
12153;0;0;0
12154;0;0;0
12157;67;31;98
12158;0;0;0
12159;0;0;0
12161;0;0;0
12162;0;0;0
12163;0;0;0
12165;0;0;0
12167;39;19;58
12168;0;0;0
12171;188;118;306
12175;83;86;169
12177;133;187;320
12178;0;0;0
12180;0;0;0
12182;81;81;162
12183;220;229;449
12184;0;0;0
12185;257;300;557
12187;0;0;0
12188;37;34;71
12189;0;0;0
12191;5;11;16
12192;757;268;1025
12193;12;8;20
12217;454;561;1015
12218;0;0;0
12220;0;0;0
12221;20;13;33
12224;0;0;0
12225;526;536;1062
12226;21;8;29
12228;0;0;0
12230;0;0;0
12231;0;0;0
12232;0;0;0
12233;0;0;0
12234;0;0;0
12235;0;0;0
12237;123;121;244
12238;0;0;0
12239;0;0;0
12241;242;282;524
12242;359;319;678
12243;153;115;268
12244;320;282;602
12245;0;0;0
12246;0;0;0
12248;0;0;0
12249;82;41;123
12250;0;0;0
12251;190;156;346
12252;0;0;0
12254;0;0;0
12255;610;511;1121
12257;0;0;0
12258;27;13;40
12260;246;222;468
12261;0;0;0
12265;333;340;673
12266;59;50;109
12268;0;0;0
12269;0;0;0
12271;0;0;0
12272;0;0;0
12273;28;36;64
12293;0;0;0
12294;54;39;93
12295;331;309;640
12296;0;0;0
12299;1;4;5
12301;126;145;271
12302;153;113;266
12305;300;259;559
12306;0;0;0
12307;0;0;0
12308;0;0;0
12309;304;249;553
12310;76;25;101
12311;20;12;32
12312;244;238;482
12313;0;0;0
12314;132;115;247
12315;0;0;0
12323;104;115;219
12325;0;0;0
12326;0;0;0
12328;156;83;239
12329;0;0;0
12330;115;92;207
12332;183;137;320
12333;0;0;0
12335;0;0;0
12336;298;218;516
12337;0;0;0
12363;0;0;0
12364;0;0;0
12366;36;26;62
12367;0;0;0
12368;179;340;519
12501;184;166;350
12502;262;257;519
12503;0;0;0
12504;238;301;539
12505;154;125;279
12506;0;0;0
12508;0;0;0
12509;393;384;777
12510;25;13;38
12511;18;25;43
12512;15;11;26
12514;0;0;0
12515;216;179;395
12518;576;582;1158
12519;20;18;38
12522;0;0;0
12523;42;43;85
12526;0;0;0
12529;0;0;0
12531;0;0;0
12533;0;0;0
12534;854;839;1693
12535;0;0;0
12536;10;12;22
12537;24;39;63
12538;242;214;456
12539;166;136;302
12540;0;0;0
12542;33;35;68
12545;17;24;41
12546;0;0;0
12547;790;880;1670
12548;0;0;0
12549;55;51;106
12550;39;31;70
12551;208;180;388
12552;0;3;3
12553;8;11;19
12554;2;0;2
12555;13;12;25
12556;0;0;0
12557;33;21;54
12559;0;0;0
12560;0;0;0
12562;1;3;4
12563;0;0;0
12564;0;0;0
12565;0;0;0
12566;901;837;1738
12567;1009;1076;2085
12568;0;0;0
12569;41;48;89
12570;895;934;1829
12571;0;0;0
12572;0;0;0
12573;284;339;623
12574;0;0;0
12576;0;0;0
12577;0;0;0
12578;0;0;0
12579;90;55;145
12580;0;0;0
12581;0;0;0
12582;0;0;0
12584;14;24;38
12585;25;33;58
12586;0;0;0
12587;451;465;916
12588;264;266;530
12590;281;292;573
12591;427;479;906
12593;116;125;241
12594;329;350;679
12596;0;0;0
12597;0;0;0
12598;0;0;0
12599;11;15;26
12600;6;9;15
12601;0;0;0
12602;459;549;1008
12603;532;683;1215
12604;361;367;728
12605;636;652;1288
12606;24;28;52
12607;40;52;92
12609;22;19;41
12610;220;335;555
12612;0;0;0
12613;66;53;119
12614;0;0;0
12615;0;0;0
12616;0;0;0
12617;469;433;902
12618;0;0;0
12619;10;24;34
12620;15;17;32
12621;31;49;80
12622;33;38;71
12623;223;190;413
12624;0;0;0
12626;0;0;0
12627;0;0;0
12628;0;0;0
12629;0;0;0
12630;494;415;909
12631;751;786;1537
12632;591;550;1141
12633;0;0;0
12634;153;160;313
12635;32;35;67
12636;97;54;151
12637;0;0;0
12638;314;309;623
12640;0;0;0
12641;0;0;0
12643;0;0;0
12644;0;0;0
12645;0;0;0
12646;110;97;207
12647;0;0;0
12648;23;21;44
12649;593;714;1307
12650;707;847;1554
12651;0;0;0
12652;787;642;1429
12653;0;0;0
12654;0;0;0
12655;371;278;649
12657;285;267;552
12658;61;47;108
12659;163;115;278
12660;78;56;134
12661;5;4;9
12662;0;0;0
12663;0;0;0
12664;3;0;3
12665;0;0;0
12666;0;0;0
12667;719;878;1597
12668;0;1;1
12669;548;585;1133
12670;42;40;82
12672;949;0;949
12674;4;6;10
12675;53;35;88
12676;12;9;21
12677;0;0;0
12678;36;23;59
12679;0;0;0
12680;50;46;96
12681;76;62;138
12682;626;573;1199
12683;265;139;404
12684;0;0;0
12685;196;134;330
12686;583;821;1404
12688;136;93;229
12689;0;0;0
12691;49;39;88
12692;0;0;0
12693;548;602;1150
12694;174;122;296
12695;66;34;100
12696;364;43;407
12697;108;57;165
12698;52;33;85
12699;59;45;104
12700;57;49;106
12701;0;0;0
12702;10;7;17
12703;0;0;0
12704;23;28;51
12705;18;19;37
12707;0;0;0
12708;13;12;25
12709;110;60;170
12710;11;7;18
12711;146;115;261
12712;522;454;976
12713;442;450;892
12714;0;0;0
12715;250;225;475
12716;659;636;1295
12717;50;37;87
12718;9;9;18
12719;394;342;736
12720;304;225;529
12721;10;16;26
12722;53;42;95
12724;0;0;0
12725;69;54;123
12726;332;235;567
12727;62;39;101
12728;133;136;269
12729;0;0;0
12730;479;0;479
12731;67;58;125
12732;72;55;127
12733;55;49;104
12734;129;109;238
12735;275;241;516
12736;113;150;263
12738;119;102;221
12739;119;89;208
12741;115;100;215
12742;65;40;105
12743;0;0;0
12744;0;0;0
12746;53;37;90
12747;542;508;1050
12748;38;26;64
12749;518;447;965
12750;174;97;271
12751;93;63;156
12752;0;0;0
12753;170;107;277
12755;0;0;0
12756;12;12;24
12757;152;191;343
12758;286;360;646
12759;21;20;41
12760;0;0;0
12761;220;185;405
12762;217;208;425
12764;43;45;88
12765;34;18;52
12766;97;0;97
12767;138;132;270
12770;40;13;53
12772;97;78;175
12773;78;61;139
12774;57;46;103
12775;396;359;755
12776;37;29;66
12777;26;15;41
12778;159;154;313
12779;153;139;292
12780;32;33;65
12781;290;249;539
12800;338;276;614
12802;0;501;501
12805;9;9;18
12806;0;0;0
12808;0;0;0
12809;0;0;0
12810;633;530;1163
12811;139;129;268
12812;0;0;0
12814;46;48;94
12815;6;7;13
12816;0;0;0
12819;0;0;0
12820;44;37;81
12822;118;130;248
12823;371;355;726
12824;47;25;72
12826;0;0;0
12827;36;3;39
12829;296;287;583
12830;209;382;591
12831;23;27;50
12832;288;274;562
12833;53;23;76
12834;101;78;179
12836;592;598;1190
12837;388;508;896
12838;497;418;915
12840;571;468;1039
12842;259;225;484
12843;0;0;0
12845;9;13;22
12846;270;266;536
12847;37;50;87
12848;31;44;75
12850;0;0;0
12851;306;320;626
12853;394;403;797
12855;97;142;239
12857;0;0;0
12858;0;0;0
12859;0;0;0
12860;300;350;650
12861;71;78;149
12862;27;33;60
12863;18;14;32
12864;354;363;717
12865;53;55;108
12867;144;130;274
12868;465;582;1047
12869;107;93;200
12870;953;776;1729
12871;317;367;684
12872;175;161;336
12875;0;0;0
12876;109;124;233
12877;0;0;0
12878;312;180;492
12879;0;0;0
12880;0;0;0
12881;0;0;0
12882;56;48;104
12884;369;381;750
12885;738;871;1609
12886;75;103;178
12887;35;47;82
12888;179;88;267
12889;17;30;47
12890;54;37;91
12891;1096;1028;2124
12931;0;0;0
12932;0;0;0
12934;29;27;56
12935;468;520;988
12936;186;113;299
12937;0;0;0
12938;0;0;0
12939;58;81;139
12940;0;0;0
12941;315;266;581
12942;355;353;708
12943;1182;0;1182
12944;573;494;1067
12945;424;358;782
12946;0;0;0
12948;38;53;91
12949;27;20;47
12951;81;15;96
12952;67;92;159
12953;68;42;110
12954;0;0;0
12955;234;155;389
12956;64;61;125
12957;0;0;0
12958;336;352;688
12959;106;62;168
12960;29;31;60
12961;129;105;234
12962;574;523;1097
12963;840;931;1771
12965;0;0;0
12966;382;358;740
12967;50;39;89
12968;70;37;107
12969;36;29;65
12970;445;406;851
12971;28;24;52
12972;262;84;346
12973;0;0;0
12974;57;28;85
12975;31;39;70
12976;0;0;0
12977;533;564;1097
12979;55;55;110
12980;431;446;877
12982;109;56;165
12983;20;15;35
12984;59;65;124
12985;0;0;0
12986;40;26;66
12987;51;31;82
13101;0;0;0
13102;0;0;0
13103;251;277;528
13104;356;313;669
13105;47;40;87
13106;0;0;0
13107;29;38;67
13108;0;0;0
13110;0;0;0
13111;0;0;0
13112;732;687;1419
13114;0;0;0
13115;0;0;0
13116;9;2;11
13117;387;426;813
13118;272;270;542
13119;0;0;0
13120;0;0;0
13121;113;120;233
13122;129;70;199
13123;21;24;45
13124;37;43;80
13125;259;258;517
13126;0;0;0
13128;7;3;10
13129;0;0;0
13131;23;29;52
13132;0;0;0
13133;160;140;300
13134;173;167;340
13135;286;263;549
13136;0;0;0
13137;0;0;0
13138;181;134;315
13139;32;23;55
13140;0;0;0
13141;207;90;297
13142;20;35;55
13143;180;180;360
13145;620;651;1271
13146;877;0;877
13147;0;0;0
13148;0;0;0
13149;239;229;468
13150;0;0;0
13152;51;34;85
13153;0;0;0
13154;379;372;751
13155;31;42;73
13156;367;354;721
13157;73;68;141
13159;0;0;0
13160;0;0;0
13162;65;15;80
13163;506;393;899
13164;26;15;41
13165;0;0;0
13166;0;0;0
13167;239;234;473
13168;214;180;394
13169;56;28;84
13170;262;209;471
13171;86;100;186
13172;128;79;207
13173;0;0;0
13174;0;0;0
13176;314;278;592
13177;339;305;644
13178;115;136;251
13179;0;0;0
13180;0;0;0
13181;229;210;439
13182;17;13;30
13183;0;0;0
13184;0;0;0
13185;272;453;725
13186;32;39;71
13187;64;48;112
13188;675;525;1200
13190;205;214;419
13191;90;49;139
13193;55;50;105
13194;0;0;0
13195;41;53;94
13196;54;24;78
13197;59;64;123
13198;92;47;139
13199;54;32;86
13200;34;25;59
13202;225;284;509
13203;102;46;148
13204;45;43;88
13205;165;202;367
13206;43;33;76
13207;0;0;0
13208;38;44;82
13210;0;0;0
13212;52;26;78
13214;48;29;77
13215;14;8;22
13216;180;192;372
13217;31;15;46
13218;16;14;30
13219;148;127;275
13220;167;180;347
13221;29;19;48
13300;407;427;834
13302;4;1;5
13303;27;32;59
13304;0;0;0
13305;148;157;305
13309;7;8;15
13310;0;0;0
13311;0;0;0
13312;2;1;3
13313;954;989;1943
13314;492;501;993
13315;0;0;0
13316;0;0;0
13319;300;338;638
13320;38;39;77
13321;0;0;0
13322;0;0;0
13324;372;450;822
13325;0;0;0
13328;44;43;87
13329;0;0;0
13330;133;59;192
13331;32;28;60
13332;125;119;244
13333;81;39;120
13334;0;0;0
13335;0;0;0
13336;1;3;4
13338;0;0;0
13339;17;14;31
13341;121;131;252
13342;74;41;115
13343;0;0;0
13344;415;409;824
13347;0;0;0
13350;43;60;103
13351;0;0;0
13352;207;199;406
13353;0;0;0
13356;442;540;982
13357;0;0;0
13358;72;89;161
13359;0;0;0
13360;206;211;417
13361;491;515;1006
13362;3;3;6
13363;3;2;5
13364;0;0;0
13365;2;1;3
13366;0;0;0
13367;0;0;0
13369;0;0;0
13370;281;278;559
13372;250;287;537
13373;440;462;902
13374;0;0;0
13375;3;0;3
13376;468;547;1015
13377;0;0;0
13378;23;3;26
13379;12;9;21
13380;4;2;6
13381;0;0;0
13382;0;0;0
13383;301;259;560
13384;509;558;1067
13386;0;0;0
13387;457;429;886
13388;411;428;839
13389;0;0;0
13390;0;0;0
13391;0;0;0
13392;0;0;0
13393;23;12;35
13394;164;139;303
13395;12;7;19
13396;312;160;472
13397;0;0;0
13398;14;6;20
13400;0;0;0
13401;18;18;36
13402;0;0;0
13403;27;22;49
13405;37;44;81
13406;0;0;0
13407;0;0;0
13408;0;0;0
13409;0;0;0
13410;0;0;0
13411;21;27;48
13412;20;30;50
13413;0;0;0
13414;0;0;0
13415;104;76;180
13416;189;188;377
13417;212;205;417
13419;0;0;0
13420;672;699;1371
13422;0;0;0
13423;27;23;50
13424;41;38;79
13425;0;0;0
13426;143;106;249
13427;407;432;839
13428;102;69;171
13429;0;0;0
13430;0;0;0
13431;0;0;0
13432;0;0;0
13433;0;0;0
13434;390;409;799
13436;0;0;0
13437;21;13;34
13438;0;0;0
13439;249;306;555
13440;0;0;0
13441;0;0;0
13442;595;646;1241
13443;0;0;0
13444;0;0;0
13445;41;35;76
13446;474;468;942
13447;0;0;0
13448;0;0;0
13450;448;405;853
13451;20;24;44
13453;0;0;0
13454;0;0;0
13455;20;11;31
13456;0;0;0
13457;38;21;59
13458;0;0;0
13459;0;0;0
13460;4;4;8
13461;106;113;219
13462;215;212;427
13463;407;357;764
13464;0;0;0
13465;14;7;21
13467;134;136;270
13468;0;0;0
13469;36;30;66
13470;0;0;0
13471;49;45;94
13472;0;0;0
13473;60;36;96
13474;200;169;369
13475;628;497;1125
13476;0;0;0
13477;0;0;0
13478;0;0;0
13479;85;41;126
13480;50;39;89
13481;33;19;52
13482;63;52;115
13484;64;44;108
13485;0;0;0
13486;597;573;1170
13487;0;0;0
13488;0;0;0
13489;480;480;960
13490;0;0;0
13491;480;389;869
13492;0;0;0
13493;56;52;108
13494;150;134;284
13495;0;0;0
13496;0;0;0
13498;0;2;2
13499;114;55;169
13500;20;10;30
13501;27;16;43
13503;204;166;370
13504;373;351;724
13505;57;62;119
13506;62;49;111
13507;0;0;0
13508;0;0;0
13509;0;0;0
13510;39;21;60
13511;0;0;0
13512;148;160;308
13513;388;278;666
13514;182;218;400
13515;61;47;108
13517;50;36;86
13518;140;144;284
13519;0;0;0
13520;0;0;0
13521;0;0;0
13522;0;0;0
13523;0;0;0
13524;21;15;36
13525;82;88;170
13526;0;0;0
13527;93;74;167
13528;151;132;283
13529;29;33;62
13530;48;45;93
13531;53;32;85
13532;33;38;71
13534;47;36;83
13535;330;297;627
13536;9;8;17
13537;0;0;0
13538;81;84;165
13539;288;222;510
13540;44;30;74
13541;42;30;72
13542;225;266;491
13543;58;31;89
13544;25;25;50
13545;146;105;251
13546;0;0;0
13548;0;0;0
13549;0;0;0
13551;407;402;809
13552;108;78;186
13553;54;59;113
13554;22;12;34
13555;0;0;0
13556;0;0;0
13557;121;132;253
13558;279;328;607
13559;176;170;346
13560;126;117;243
13561;206;314;520
13562;134;125;259
13563;103;92;195
13565;276;265;541
13566;114;104;218
13567;85;63;148
13568;47;31;78
13569;21;13;34
13570;21;19;40
13571;0;0;0
13572;0;0;0
13573;281;285;566
13574;147;143;290
13575;78;52;130
13576;38;174;212
13577;18;2;20
13579;6;2;8
13580;64;42;106
13582;271;225;496
13583;0;0;0
13584;83;78;161
13585;0;0;0
13586;813;836;1649
13587;215;152;367
13588;0;0;0
13589;16;14;30
13590;220;175;395
13591;285;235;520
13592;378;15;393
13593;205;168;373
13594;0;0;0
13596;0;0;0
13597;70;33;103
13598;70;55;125
13599;27;23;50
13601;64;44;108
13602;105;77;182
13603;0;0;0
13604;302;325;627
13605;0;0;0
13606;511;535;1046
13607;66;48;114
13608;242;183;425
13609;96;83;179
13610;136;132;268
13611;36;40;76
13612;205;181;386
13613;24;14;38
13615;0;0;0
13616;0;0;0
13617;0;0;0
13618;0;0;0
13619;0;0;0
13620;42;27;69
13621;256;191;447
13622;0;0;0
13623;45;26;71
13624;0;0;0
13625;39;47;86
13626;148;161;309
13627;280;251;531
13629;31;10;41
13630;40;38;78
13632;243;216;459
13633;245;238;483
13634;0;0;0
13635;0;0;0
13636;60;35;95
13637;149;110;259
14000;0;0;0
14201;465;511;976
14202;176;144;320
14203;0;0;0
14205;0;0;0
14206;67;35;102
14208;305;299;604
14209;32;14;46
14210;635;615;1250
14211;271;323;594
14212;171;167;338
14213;178;151;329
14215;80;53;133
14216;0;0;0
14217;223;209;432
14218;0;0;0
14219;6;5;11
14220;0;0;0
14221;0;0;0
14222;0;0;0
14223;0;0;0
14224;56;46;102
14225;78;81;159
14226;0;0;0
14227;0;0;0
14229;0;0;0
14230;0;0;0
14232;424;525;949
14233;164;172;336
14234;49;28;77
14235;0;0;0
14237;233;224;457
14238;0;0;0
14239;0;0;0
14240;0;0;0
14243;0;0;0
14244;0;0;0
14246;0;0;0
14247;58;45;103
14249;108;388;496
14250;27;5;32
14251;20;15;35
14253;0;0;0
14254;0;0;0
14255;45;40;85
14256;33;23;56
14257;73;57;130
14258;0;0;0
14260;115;135;250
14261;0;0;0
14263;18;9;27
14264;0;0;0
14265;151;178;329
14266;140;115;255
14267;0;0;0
14268;75;61;136
14269;23;15;38
14270;185;241;426
14271;35;33;68
14273;0;0;0
14274;0;0;0
14275;0;0;0
14278;0;0;0
14279;0;0;0
14280;324;362;686
14281;0;0;0
14282;0;0;0
14283;25;16;41
14284;110;267;377
14285;0;0;0
14286;0;0;0
14287;0;0;0
14288;263;250;513
14289;195;194;389
14290;0;0;0
14291;0;0;0
14292;13;10;23
14294;0;0;0
14296;0;0;0
14297;0;0;0
14298;0;0;0
14299;282;260;542
14300;37;25;62
14301;0;0;0
14303;0;0;0
14304;0;0;0
14305;51;6;57
14306;0;0;0
14307;113;126;239
14308;123;148;271
14310;26;24;50
14313;235;280;515
14314;196;220;416
14315;147;111;258
14316;153;176;329
14317;0;0;0
14318;0;0;0
14319;0;0;0
14320;0;0;0
14321;0;0;0
14322;18;14;32
14323;104;107;211
14324;39;28;67
14325;0;0;0
14327;0;0;0
14328;0;0;0
14329;8;0;8
14330;88;37;125
14331;0;0;0
14332;115;117;232
14334;552;569;1121
14335;0;0;0
14336;52;91;143
14337;0;0;0
14338;17;17;34
14339;0;0;0
14340;0;0;0
14341;0;0;0
14342;0;0;0
14344;0;0;0
14345;0;0;0
14346;0;0;0
14347;24;22;46
14348;537;535;1072
14349;0;0;0
14351;140;136;276
14352;0;0;0
14353;14;24;38
14354;11;5;16
14355;0;0;0
14356;0;0;0
14358;0;0;0
14359;909;975;1884
14361;0;0;0
14362;15;13;28
14363;627;767;1394
14364;75;66;141
14365;177;163;340
14366;0;0;0
14367;0;0;0
14370;0;0;0
14371;18;5;23
14372;192;202;394
14373;251;181;432
14375;370;437;807
14376;132;100;232
14377;0;0;0
14379;354;321;675
14380;63;58;121
14381;163;214;377
14382;0;0;0
14383;1;5;6
14384;0;0;0
14385;0;0;0
14386;32;31;63
14387;232;241;473
14389;634;223;857
14392;67;38;105
14393;0;0;0
14394;0;0;0
14395;270;325;595
14396;60;50;110
14397;219;171;390
14398;23;5;28
14400;214;168;382
14401;0;0;0
14402;59;76;135
14403;0;0;0
14404;0;0;0
14405;0;0;0
14408;0;0;0
14409;0;0;0
14411;22;24;46
14412;100;58;158
14413;261;303;564
14414;224;169;393
14415;0;0;0
14416;504;508;1012
14417;100;108;208
14418;100;75;175
14419;0;0;0
14420;147;147;294
14421;149;139;288
14422;0;0;0
14423;51;67;118
14425;0;0;0
14426;0;0;0
14427;0;0;0
14428;28;15;43
14430;0;0;0
14431;0;0;0
14432;0;0;0
14433;0;0;0
14434;0;0;0
14435;0;0;0
14436;0;0;0
14437;0;0;0
14439;56;46;102
14440;21;16;37
14442;0;0;0
14443;0;0;0
14444;31;25;56
14445;0;0;0
14446;10;10;20
14447;27;23;50
14448;0;0;0
14449;0;0;0
14450;0;0;0
14451;0;0;0
14452;100;98;198
14453;144;168;312
14454;372;193;565
14456;0;0;0
14457;38;41;79
14458;0;0;0
14459;0;0;0
14460;36;47;83
14461;0;0;0
14462;104;128;232
14463;103;71;174
14465;0;0;0
14466;219;211;430
14467;80;68;148
14468;0;0;0
14470;98;271;369
14471;0;0;0
14473;0;0;0
14474;0;0;0
14475;0;0;0
14476;249;179;428
14478;0;0;0
14479;256;229;485
14480;0;0;0
14481;0;0;0
14482;109;105;214
14483;0;0;0
14484;0;0;0
14485;0;0;0
14487;285;199;484
14488;0;0;0
14489;0;0;0
14490;521;489;1010
14491;0;0;0
14492;111;101;212
14493;30;23;53
14494;126;127;253
14495;0;0;0
14496;0;0;0
14497;0;0;0
14498;336;0;336
14499;22;18;40
14500;76;53;129
14501;0;0;0
14502;159;140;299
14503;10;8;18
14504;159;168;327
14506;539;548;1087
14507;127;120;247
14508;68;64;132
14509;8;15;23
14510;387;460;847
14511;168;196;364
14512;29;32;61
14513;15;7;22
14514;543;608;1151
14515;153;128;281
14516;14;12;26
14517;18;18;36
14518;56;36;92
14520;0;0;0
14521;34;17;51
14523;561;610;1171
14524;0;0;0
14525;123;82;205
14526;452;434;886
14527;100;94;194
14528;0;0;0
14529;0;0;0
14530;0;0;0
14531;82;47;129
14532;0;0;0
14533;109;113;222
14534;264;228;492
14535;0;0;0
14537;302;285;587
14538;415;395;810
14539;112;39;151
14540;0;0;0
14541;206;210;416
14542;46;18;64
14543;21;37;58
14544;0;0;0
14545;230;217;447
14546;44;38;82
14547;83;77;160
14548;2;5;7
14549;0;0;0
14550;24;18;42
14551;29;16;45
14552;293;332;625
14554;0;0;0
14555;0;0;0
14556;100;64;164
14557;25;5;30
14558;0;0;0
14559;44;17;61
14560;0;0;0
14561;10;16;26
14562;0;0;0
14563;0;0;0
14564;0;0;0
14565;178;222;400
14566;0;0;0
14568;265;202;467
14569;18;21;39
14571;0;0;0
14572;51;35;86
14573;26;15;41
14574;0;0;0
14575;0;0;0
14576;0;0;0
14577;18;11;29
14578;41;28;69
14579;0;0;0
14580;164;160;324
14581;0;0;0
14582;0;0;0
14583;12;15;27
14585;0;0;0
14586;0;0;0
14587;75;63;138
14588;45;25;70
14589;69;43;112
14590;0;0;0
14591;0;0;0
14592;303;441;744
14593;114;89;203
14594;220;201;421
14595;0;0;0
14596;0;0;0
14597;0;0;0
14599;129;135;264
14600;0;0;0
14601;89;69;158
14602;132;122;254
14604;0;0;0
14605;506;469;975
14606;121;123;244
14607;0;0;0
14608;542;507;1049
14609;247;0;247
14610;0;0;0
14611;0;0;0
14612;0;0;0
14613;0;0;0
14614;355;366;721
14615;0;0;0
14616;331;293;624
14618;0;0;0
14619;0;0;0
14621;0;0;0
14622;167;194;361
14623;0;0;0
14624;0;0;0
14625;72;79;151
14626;179;127;306
14627;0;0;0
14628;79;56;135
14629;571;637;1208
14630;8;7;15
14631;6;17;23
14632;0;0;0
14633;0;0;0
14635;0;0;0
14636;52;33;85
14637;105;107;212
14638;62;39;101
14639;97;71;168
14640;0;0;0
14641;246;232;478
14642;198;204;402
14643;144;150;294
14644;0;0;0
14645;9;3;12
14646;0;0;0
14647;0;0;0
14649;91;75;166
14650;93;118;211
14652;0;0;0
14653;0;0;0
14654;93;81;174
14655;16;4;20
14656;0;0;0
14657;38;14;52
14658;38;28;66
14659;79;50;129
14660;0;0;0
14662;73;55;128
14663;12;8;20
14664;26;20;46
14666;43;31;74
14667;0;0;0
14668;0;0;0
14669;32;40;72
14670;503;438;941
14671;442;526;968
14672;138;74;212
14673;251;296;547
14674;426;492;918
14675;157;125;282
14676;10;12;22
14677;145;131;276
14678;69;47;116
14680;0;0;0
14681;28;35;63
14683;0;0;0
14684;0;0;0
14685;87;68;155
14686;46;51;97
14687;247;231;478
14688;0;0;0
14689;0;0;0
14690;23;12;35
14691;31;42;73
14692;43;48;91
14693;61;41;102
14694;0;0;0
14695;43;32;75
14697;536;576;1112
14698;26;14;40
14699;276;320;596
14700;0;0;0
14702;53;48;101
14703;481;497;978
14705;42;38;80
14706;138;129;267
14707;302;268;570
14708;28;23;51
14709;36;26;62
14710;0;0;0
14711;152;156;308
14712;0;0;0
14713;0;0;0
14714;0;0;0
14716;245;273;518
14717;280;264;544
14718;30;17;47
14719;57;33;90
14720;318;367;685
14721;57;40;97
14722;0;0;0
14723;7;9;16
14724;0;0;0
14725;0;0;0
14726;53;24;77
14727;9;3;12
14728;28;37;65
14730;44;33;77
14731;33;14;47
14733;68;36;104
14734;0;0;0
14735;16;18;34
14736;6;14;20
14737;139;80;219
14738;5;5;10
14739;38;12;50
14740;0;0;0
14741;0;0;0
14742;31;39;70
14743;0;0;0
14744;26;18;44
14745;0;0;0
14747;33;34;67
14748;7;4;11
14749;0;0;0
14750;179;180;359
14751;203;172;375
14752;0;0;0
14753;109;124;233
14754;10;12;22
14755;17;13;30
14756;23;16;39
14757;0;0;0
14758;0;0;0
14759;82;81;163
14760;155;144;299
14761;132;157;289
14762;190;138;328
14764;373;431;804
14765;39;39;78
14766;31;20;51
14767;37;26;63
14768;0;0;0
14769;55;44;99
14770;409;547;956
14771;124;80;204
14772;0;0;0
14773;307;292;599
14774;36;24;60
14775;205;192;397
14776;0;0;0
14778;178;201;379
14779;205;174;379
14781;17;14;31
14782;244;239;483
14783;502;573;1075
14784;0;0;0
14785;26;12;38
14786;0;0;0
14787;66;50;116
14788;298;155;453
14789;31;15;46
14790;460;463;923
14791;231;0;231
14792;17;19;36
14793;69;25;94
14795;0;0;0
14796;91;57;148
14797;0;0;0
14798;45;26;71
14799;50;12;62
14800;40;27;67
14801;183;190;373
14802;52;33;85
14803;34;30;64
14804;229;182;411
14805;123;143;266
14806;18;8;26
14807;0;0;0
14808;11;0;11
14809;44;31;75
14810;23;18;41
14811;66;36;102
14812;0;0;0
14814;26;21;47
14815;0;0;0
14816;0;0;0
14817;0;0;0
14818;340;311;651
14819;153;176;329
14820;249;202;451
14821;0;0;0
14822;352;350;702
14823;143;138;281
14824;242;234;476
14825;280;278;558
14826;0;0;0
14828;30;36;66
14829;32;22;54
14831;0;0;0
14832;58;50;108
14833;81;69;150
14834;17;25;42
14835;0;0;0
14836;52;28;80
14837;20;19;39
14838;8;11;19
14839;43;45;88
14840;0;0;0
14841;0;0;0
14842;0;0;0
14843;0;0;0
14845;45;30;75
14846;97;119;216
14847;24;26;50
14848;133;101;234
14850;36;11;47
14851;26;19;45
14852;96;98;194
14853;0;0;0
14854;45;17;62
14855;0;0;0
14856;491;458;949
14857;0;0;0
14859;89;56;145
14860;157;157;314
14862;120;90;210
14863;58;29;87
14864;12;12;24
14865;140;128;268
14866;438;485;923
14867;0;0;0
14868;77;87;164
14869;0;0;0
14870;216;174;390
14871;50;57;107
14872;37;25;62
14873;10;5;15
14874;94;78;172
14876;49;39;88
14877;168;153;321
14878;30;29;59
14879;1019;909;1928
14880;68;52;120
14881;174;154;328
14882;37;22;59
14883;41;29;70
14884;0;0;0
14885;124;115;239
14886;1;0;1
14887;28;25;53
14888;0;0;0
14890;49;31;80
14891;4;8;12
14893;0;0;0
14894;30;7;37
14895;8;13;21
14896;101;88;189
14897;59;48;107
14898;40;38;78
14899;0;0;0
14900;0;0;0
14901;440;464;904
14902;192;239;431
14903;46;36;82
14904;39;32;71
14905;0;0;0
14906;0;0;0
14907;57;60;117
14909;50;36;86
14910;95;82;177
14912;573;590;1163
14913;190;183;373
14914;0;0;0
14915;15;14;29
14916;25;16;41
14917;119;96;215
14918;16;17;33
14919;0;0;0
14920;32;40;72
14921;16;23;39
14922;252;218;470
14923;258;203;461
14924;46;44;90
14926;43;27;70
14927;35;31;66
14928;39;37;76
14929;63;38;101
14930;56;40;96
14931;80;67;147
14932;43;16;59
14933;68;60;128
14934;72;46;118
14935;45;27;72
14936;0;0;0
14937;53;41;94
14938;35;27;62
14940;0;0;0
14941;22;20;42
14943;0;0;0
14944;84;60;144
14945;40;20;60
14946;80;0;80
14947;53;55;108
14948;0;0;0
14949;44;26;70
14950;20;15;35
14951;17;21;38
14952;262;265;527
14953;226;198;424
14954;77;62;139
14955;58;32;90
15500;0;0;0
15501;247;379;626
15502;238;277;515
15503;170;170;340
15504;0;0;0
15505;0;0;0
15506;0;0;0
15507;0;0;0
15510;285;298;583
15512;0;0;0
15513;0;0;0
15514;0;0;0
15515;195;182;377
15516;0;0;0
15517;0;0;0
15518;0;0;0
15520;0;0;0
15521;390;463;853
15522;144;186;330
15523;0;0;0
15524;207;219;426
15526;166;145;311
15527;0;0;0
15528;0;0;0
15529;0;0;0
15530;0;0;0
15531;62;62;124
15532;0;0;0
15533;0;0;0
15534;327;253;580
15535;168;146;314
15536;0;0;0
15537;0;0;0
15538;0;0;0
15540;0;0;0
15544;166;184;350
15545;0;0;0
15546;0;0;0
15547;0;0;0
15548;0;0;0
15549;0;0;0
15550;0;0;0
15551;50;17;67
15552;0;0;0
15553;0;0;0
15554;410;431;841
15555;0;0;0
15557;32;23;55
15558;0;0;0
15559;0;0;0
15560;0;0;0
15561;16;13;29
15563;0;0;0
15564;356;377;733
15565;0;0;0
15566;0;0;0
15567;0;0;0
15568;0;0;0
15569;4;5;9
15570;160;167;327
15571;99;92;191
15572;0;0;0
15574;121;96;217
15575;0;0;0
15576;156;183;339
15577;0;0;0
15578;0;0;0
15579;152;153;305
15580;0;0;0
15581;0;0;0
15582;26;25;51
15583;247;226;473
15584;0;0;0
15585;193;183;376
15586;66;30;96
15588;102;84;186
15589;145;179;324
15591;0;0;0
15592;0;0;0
15593;388;331;719
15594;120;114;234
15595;22;30;52
15596;245;194;439
15597;19;11;30
15598;27;31;58
15599;0;0;0
15600;345;356;701
15601;380;388;768
15602;0;0;0
15603;0;0;0
15604;0;0;0
15605;122;102;224
15607;81;45;126
15608;166;172;338
15609;0;0;0
15610;360;393;753
15611;0;0;0
15612;0;0;0
15613;0;0;0
15614;419;389;808
15615;1;3;4
15616;0;0;0
15617;0;0;0
15619;0;0;0
15621;262;233;495
15622;146;137;283
15624;585;617;1202
15625;0;0;0
15626;0;0;0
15627;264;234;498
15628;6;14;20
15629;48;16;64
15630;0;0;0
15631;267;267;534
15632;160;148;308
15633;325;315;640
15634;0;0;0
15635;0;0;0
15636;0;0;0
15638;0;0;0
15639;0;0;0
15641;33;23;56
15642;0;0;0
15643;194;132;326
15644;37;22;59
15645;0;0;0
15646;1246;1498;2744
15647;0;0;0
15648;0;0;0
15649;0;0;0
15650;139;99;238
15652;0;0;0
15653;70;44;114
15655;0;0;0
15656;44;18;62
15657;366;462;828
15658;9;9;18
15659;0;0;0
15660;52;23;75
15661;30;13;43
15662;614;502;1116
15663;60;83;143
15664;556;978;1534
15665;208;155;363
15666;0;0;0
15667;0;0;0
15669;5;4;9
15670;0;0;0
15671;0;0;0
15672;101;55;156
15673;47;23;70
15674;0;0;0
15675;0;0;0
15676;415;406;821
15677;0;0;0
15678;0;0;0
15679;0;0;0
15680;0;0;0
15681;24;6;30
15682;160;117;277
15683;260;346;606
15684;207;238;445
15686;0;0;0
15687;28;35;63
15688;0;0;0
15689;0;0;0
15690;474;494;968
15691;24;26;50
15692;0;0;0
15694;6;3;9
15695;6;3;9
15696;30;30;60
15697;0;0;0
15698;32;21;53
15700;468;476;944
15701;0;0;0
15702;0;0;0
15703;0;0;0
15705;124;55;179
15706;42;24;66
15707;141;118;259
15708;6;7;13
15709;0;0;0
15710;0;0;0
15711;21;15;36
15712;77;39;116
15713;41;35;76
15714;90;60;150
15715;33;26;59
15716;90;73;163
15717;76;73;149
15719;92;72;164
15720;140;188;328
15722;77;100;177
15723;125;81;206
15724;269;240;509
15725;0;0;0
15726;458;482;940
15727;0;0;0
15728;121;142;263
15729;89;71;160
15730;0;0;0
15731;177;181;358
15732;241;261;502
15733;0;0;0
15734;16;15;31
15736;52;29;81
15737;0;0;0
15738;66;47;113
15739;407;486;893
15740;38;35;73
15741;39;32;71
15742;58;30;88
15743;0;0;0
15744;301;279;580
15745;379;374;753
15746;172;134;306
15747;27;19;46
15748;69;41;110
15750;296;259;555
15751;50;33;83
15753;149;109;258
15754;12;13;25
15755;193;200;393
15756;97;74;171
15757;144;94;238
15758;193;200;393
15759;312;250;562
15760;24;27;51
15761;56;33;89
15762;164;128;292
15763;45;0;45
15764;136;110;246
15765;44;23;67
15767;268;281;549
15768;158;131;289
15769;83;63;146
15770;180;174;354
15771;0;0;0
15772;0;0;0
15773;0;0;0
15774;78;44;122
15775;0;171;171
15776;110;50;160
15777;450;9;459
15778;25;16;41
15779;134;86;220
15780;29;11;40
15781;183;147;330
15782;23;15;38
15784;43;33;76
15785;52;36;88
15786;17;22;39
15787;484;476;960
15788;32;14;46
15789;59;18;77
15790;79;46;125
15791;21;11;32
15792;278;244;522
15793;291;273;564
15794;0;0;0
15795;21;14;35
15796;51;37;88
15798;34;15;49
15799;54;51;105
15800;44;44;88
15801;0;3;3
15803;0;0;0
15804;78;47;125
15805;64;47;111
15806;47;38;85
15807;150;134;284
15808;102;80;182
15809;267;251;518
15810;0;0;0
15811;164;156;320
15812;251;241;492
15813;0;0;0
15814;2;3;5
15815;93;71;164
15817;693;660;1353
15818;28;29;57
15819;34;36;70
15820;336;362;698
15821;28;28;56
15822;18;19;37
15823;37;44;81
15824;0;0;0
15825;36;47;83
15826;71;40;111
15827;35;24;59
15828;158;134;292
15829;36;18;54
15830;65;43;108
15831;7;7;14
15832;129;109;238
15834;38;26;64
15835;71;64;135
15836;15;9;24
15837;0;0;0
15838;46;19;65
15839;54;35;89
15840;111;96;207
15841;90;51;141
15842;34;26;60
15843;456;84;540
15844;33;33;66
15845;62;58;120
15846;37;42;79
15848;39;34;73
15849;26;24;50
15851;49;38;87
15852;38;22;60
15853;55;30;85
15854;153;77;230
15855;154;158;312
15856;45;31;76
15857;52;38;90
15858;41;30;71
15859;105;98;203
16389;0;0;0
16400;0;0;0
16401;0;0;0
16403;0;0;0
16405;0;0;0
16406;20;12;32
16408;0;0;0
16409;0;0;0
16410;441;424;865
16411;0;0;0
16413;0;0;0
16414;0;0;0
16415;828;773;1601
16417;548;301;849
16418;0;0;0
16419;0;0;0
16420;0;0;0
16421;0;0;0
16422;0;0;0
16423;0;0;0
16424;150;167;317
16425;0;0;0
16427;396;327;723
16428;323;260;583
16429;55;42;97
16430;0;0;0
16431;242;195;437
16432;125;43;168
16434;248;162;410
16436;0;0;0
16437;0;0;0
16441;0;1433;1433
16442;0;0;0
16443;412;456;868
16444;372;288;660
16445;0;0;0
16446;658;551;1209
16447;0;0;0
16448;0;1350;1350
16449;0;0;0
16451;0;0;0
16452;312;229;541
16453;254;271;525
16454;6;0;6
16455;69;66;135
16456;71;53;124
16457;205;160;365
16458;23;14;37
16459;219;225;444
16460;369;266;635
16461;112;101;213
16462;56;51;107
16463;0;0;0
16465;0;0;0
16466;0;0;0
16467;186;240;426
16468;435;389;824
16469;484;454;938
16470;500;438;938
16471;11;10;21
16472;32;27;59
16473;0;0;0
16474;0;0;0
16475;0;0;0
16476;223;176;399
16477;175;195;370
16479;33;29;62
16480;0;0;0
16482;0;0;0
16483;0;0;0
16484;192;216;408
16485;268;286;554
16486;0;0;0
16487;0;0;0
16488;275;287;562
16489;202;157;359
16490;32;20;52
16491;139;122;261
16492;123;106;229
16493;0;0;0
16494;250;193;443
16496;0;0;0
16497;295;262;557
16498;0;0;0
16499;5;1;6
16501;116;164;280
16502;194;234;428
16503;0;0;0
16504;32;25;57
16506;167;119;286
16507;195;260;455
16508;539;447;986
16509;229;232;461
16510;25;15;40
16511;0;0;0
16512;357;335;692
16513;99;90;189
16515;0;0;0
16516;0;0;0
16517;0;0;0
16518;105;56;161
16519;0;0;0
16520;190;116;306
16521;48;50;98
16522;0;0;0
16523;58;30;88
16524;0;0;0
16525;0;0;0
16526;312;324;636
16527;0;0;0
16529;0;0;0
16530;100;70;170
16532;0;0;0
16533;73;64;137
16534;0;0;0
16535;445;464;909
16536;36;40;76
16537;73;51;124
16538;0;0;0
16539;0;0;0
16540;0;0;0
16541;365;324;689
16542;40;39;79
16543;3;8;11
16544;46;29;75
16546;0;0;0
16547;0;0;0
16548;82;72;154
16549;209;227;436
16550;219;228;447
16551;68;34;102
16552;28;30;58
16553;50;29;79
16554;108;46;154
16555;0;0;0
16556;205;136;341
16557;42;25;67
16558;63;50;113
16560;56;34;90
16561;39;29;68
16563;85;72;157
16564;237;258;495
16565;29;24;53
16566;75;43;118
16567;12;17;29
16568;66;47;113
16569;162;146;308
16570;365;296;661
16571;0;0;0
16572;41;21;62
16573;0;0;0
16574;35;25;60
16575;51;29;80
16577;43;27;70
16578;0;0;0
16579;0;0;0
16580;287;315;602
16581;0;0;0
16582;212;549;761
16583;255;324;579
16584;43;41;84
16585;55;52;107
16586;45;33;78
16587;181;165;346
16588;305;304;609
16589;217;228;445
16590;69;50;119
16591;30;24;54
16592;35;32;67
16594;44;18;62
16595;39;29;68
16596;77;73;150
16597;31;19;50
16598;78;48;126
16599;55;29;84
16600;582;597;1179
16601;59;27;86
16602;42;13;55
16603;85;37;122
16604;74;36;110
16605;0;0;0
16606;47;30;77
16607;28;25;53
16608;290;336;626
16610;48;31;79
16611;0;0;0
16613;26;23;49
16614;0;0;0
16615;118;97;215
16616;2;1;3
16617;23;25;48
16618;0;0;0
16619;34;29;63
16620;0;0;0
16621;0;0;0
16622;16;17;33
16623;32;18;50
16624;110;102;212
16625;149;133;282
16627;587;608;1195
16629;0;0;0
16630;41;40;81
16631;51;35;86
16632;0;0;0
16633;27;28;55
16634;534;492;1026
16635;0;0;0
16636;69;71;140
16637;28;24;52
16638;0;0;0
16639;28;33;61
16640;54;36;90
16641;0;0;0
16642;100;60;160
16644;681;695;1376
16645;73;86;159
16646;42;31;73
16647;35;18;53
16648;0;0;0
16649;25;18;43
16650;0;0;0
16651;0;0;0
16652;248;199;447
16653;0;0;0
16654;44;14;58
16655;0;0;0
16656;76;54;130
16658;0;0;0
16659;36;37;73
16661;59;59;118
16662;51;31;82
16663;47;40;87
16664;38;40;78
16665;21;27;48
16666;22;18;40
16667;0;0;0
16668;47;31;78
16669;0;0;0
16670;0;0;0
16671;139;133;272
16672;53;22;75
16673;212;148;360
16675;72;67;139
16676;510;360;870
16677;226;237;463
16678;153;137;290
16679;26;28;54
16680;0;0;0
16681;0;0;0
16682;0;0;0
16683;28;31;59
16684;0;0;0
16685;272;199;471
16686;27;29;56
16687;50;55;105
16689;46;22;68
16690;173;163;336
16692;53;31;84
16693;42;34;76
16694;36;42;78
16695;202;190;392
16696;17;13;30
16697;298;292;590
16698;38;27;65
16699;55;30;85
16700;0;0;0
16701;35;25;60
16702;27;23;50
16703;35;28;63
16704;353;367;720
16705;0;0;0
16706;0;0;0
16708;53;33;86
16709;34;32;66
16711;39;33;72
16712;19;38;57
16713;64;30;94
16714;0;0;0
16715;337;281;618
16716;391;463;854
16717;116;106;222
16718;38;19;57
16719;0;0;0
16720;0;0;0
16721;45;28;73
16722;41;31;72
16723;1;3;4
16725;18;19;37
16726;0;0;0
16727;85;71;156
16728;538;439;977
16729;140;183;323
16730;315;318;633
16731;68;43;111
16732;139;98;237
16733;115;109;224
16734;43;35;78
16735;48;47;95
16736;0;0;0
16737;0;0;0
16739;63;44;107
16740;45;31;76
16742;0;0;0
16743;13;8;21
16744;232;191;423
16745;16;7;23
16746;6;2;8
16747;62;32;94
16748;176;160;336
16749;357;268;625
16750;0;0;0
16751;205;241;446
16752;52;62;114
16753;58;43;101
16754;178;172;350
16756;226;172;398
16757;119;94;213
16758;23;34;57
16759;96;84;180
16760;2;5;7
16761;23;10;33
16762;0;0;0
16763;0;0;0
16764;11;15;26
16765;0;0;0
16766;43;44;87
16767;24;24;48
16768;8;4;12
16770;265;272;537
16771;0;0;0
16773;98;50;148
16774;15;24;39
16775;22;23;45
16776;102;87;189
16777;61;54;115
16778;32;27;59
16779;65;49;114
16780;254;230;484
16781;55;53;108
16782;14;16;30
16783;17;3;20
16784;17;1;18
16785;62;51;113
16787;65;60;125
16788;43;39;82
16789;36;23;59
16790;55;46;101
16791;62;58;120
16792;65;54;119
16793;168;139;307
16794;4;2;6
16795;98;61;159
16796;0;0;0
16797;52;43;95
16798;191;154;345
16799;157;0;157
16800;33;30;63
16801;0;0;0
16802;12;7;19
16803;36;22;58
16804;0;0;0
16806;16;13;29
16807;97;106;203
16808;41;19;60
16809;77;71;148
16810;15;15;30
16811;12;8;20
16812;51;36;87
16813;7;6;13
16814;41;48;89
16815;71;52;123
16816;126;96;222
16817;50;39;89
16818;0;0;0
16820;109;64;173
16821;51;34;85
16823;34;19;53
16824;0;0;0
16825;94;89;183
16826;55;34;89
16827;39;31;70
16828;46;36;82
16829;250;214;464
16830;133;122;255
16831;19;18;37
16832;55;23;78
16833;0;0;0
16834;9;4;13
16835;0;0;0
16837;54;55;109
16838;38;17;55
16839;53;49;102
16840;53;37;90
16842;0;0;0
16843;389;366;755
16844;314;72;386
16845;38;39;77
16846;98;86;184
16847;177;156;333
16848;22;20;42
16849;24;23;47
16850;0;0;0
16851;212;205;417
16852;0;0;0
16854;12;12;24
16855;27;0;27
16856;172;149;321
16857;111;105;216
16858;68;46;114
16859;8;7;15
16860;0;0;0
16861;41;37;78
16862;41;44;85
16863;0;0;0
16864;52;64;116
16865;74;41;115
16866;33;17;50
16868;45;51;96
16869;42;30;72
16871;47;41;88
16872;11;13;24
16873;47;33;80
16874;41;0;41
16876;35;37;72
16877;42;27;69
16878;54;29;83
16879;211;191;402
16880;97;70;167
16881;148;123;271
16882;37;35;72
16883;49;28;77
16885;0;0;0
16886;144;146;290
16887;74;33;107
16888;39;15;54
16889;58;39;97
16890;55;18;73
16892;101;97;198
16893;27;29;56
16894;44;32;76
16895;128;146;274
16896;85;50;135
16897;73;79;152
16899;59;56;115
16900;61;52;113
16901;66;50;116
16902;29;20;49
16904;19;11;30
16905;53;39;92
16906;96;64;160
16907;0;0;0
16908;47;41;88
16909;50;24;74
16910;15;12;27
16911;37;50;87
16912;8;4;12
16913;26;15;41
16914;50;31;81
16915;69;59;128
16916;37;22;59
16918;83;67;150
16919;98;106;204
16921;58;32;90
16922;67;82;149
16923;297;317;614
16924;46;13;59
16925;29;27;56
16926;68;68;136
16927;89;101;190
16928;80;40;120
16929;0;0;0
16931;173;198;371
16932;106;70;176
16933;62;51;113
16935;424;0;424
16936;73;61;134
16937;27;30;57
16938;52;34;86
16939;54;65;119
16940;46;47;93
16941;45;38;83
16942;42;45;87
16943;0;0;0
16944;0;0;0
16945;168;172;340
16946;67;45;112
16947;38;38;76
16949;13;10;23
16950;86;83;169
16952;19;13;32
16953;112;93;205
16954;32;31;63
16955;346;326;672
16956;56;30;86
16957;53;23;76
16958;225;217;442
16959;0;0;0
16960;46;28;74
16961;47;39;86
16962;37;21;58
16963;48;35;83
16964;28;19;47
16966;16;16;32
16967;17;11;28
16968;53;49;102
16969;39;44;83
16970;75;52;127
16971;44;34;78
16972;60;28;88
16973;31;40;71
16974;29;21;50
16975;104;94;198
16978;88;76;164
16980;122;95;217
16981;17;6;23
16983;19;12;31
16984;34;32;66
16985;109;114;223
16986;14;9;23
16987;69;51;120
16988;50;35;85
16990;43;27;70
16991;35;25;60
16992;39;12;51
16993;89;91;180
16994;54;48;102
16995;55;35;90
16997;146;110;256
16998;44;28;72
16999;48;45;93
17000;41;20;61
17001;27;23;50
17600;1256;1155;2411
17602;76;45;121
17603;0;0;0
17604;0;0;0
17605;563;539;1102
17606;682;583;1265
17607;971;412;1383
17634;188;203;391
17635;803;739;1542
17636;6;5;11
17637;0;0;0
17638;145;139;284
17639;0;0;0
17640;1;1;2
17641;4;3;7
17642;25;30;55
17643;57;29;86
17644;38;37;75
17647;40;31;71
17648;290;233;523
17649;0;0;0
17650;18;20;38
17651;0;0;0
17652;260;317;577
17653;29;31;60
17654;279;279;558
17655;1;2;3
17656;0;0;0
17657;562;659;1221
17658;57;31;88
17659;0;0;0
17660;181;213;394
17661;0;0;0
17662;279;312;591
17664;0;0;0
17665;0;0;0
17666;0;0;0
17667;0;0;0
17668;0;0;0
17669;0;0;0
17670;0;0;0
17671;0;0;0
17672;0;0;0
17673;0;0;0
17674;0;0;0
17675;0;0;0
17678;0;0;0
17679;130;111;241
17681;0;0;0
17682;0;0;0
17683;0;0;0
17684;0;0;0
17685;0;0;0
17686;165;172;337
17687;491;638;1129
17688;0;0;0
17689;150;131;281
17690;249;192;441
17691;0;0;0
17692;153;161;314
17693;244;254;498
17696;0;0;0
17697;0;0;0
17698;267;234;501
17699;73;44;117
17700;0;0;0
17701;184;162;346
17702;128;186;314
17703;365;384;749
17704;32;14;46
17705;0;0;0
17706;0;0;0
17707;0;0;0
17708;171;180;351
17709;83;53;136
17710;2;3;5
17711;1;4;5
17715;23;10;33
17716;0;0;0
17717;0;0;0
17718;26;38;64
17719;261;275;536
17723;109;96;205
17724;0;0;0
17725;277;304;581
17726;39;34;73
17728;191;195;386
17731;0;0;0
17732;208;204;412
17733;199;145;344
17734;175;118;293
17735;768;767;1535
17736;469;367;836
17737;104;135;239
17738;0;0;0
17739;35;46;81
17740;0;0;0
17741;134;120;254
17742;70;54;124
17743;0;0;0
17745;85;55;140
17746;80;37;117
17747;0;0;0
17748;0;0;0
17749;25;26;51
17750;1984;0;1984
17751;311;332;643
17753;26;17;43
17754;59;64;123
17755;0;0;0
17756;0;0;0
17757;0;0;0
17759;0;0;0
17760;0;0;0
17762;29;19;48
17763;62;52;114
17764;93;72;165
17765;530;606;1136
17766;162;166;328
17767;0;0;0
17768;15;10;25
17769;0;0;0
17770;0;0;0
17771;90;74;164
17772;366;251;617
17773;0;0;0
17774;0;0;0
17776;84;68;152
17777;0;0;0
17778;487;562;1049
17779;253;210;463
17780;0;0;0
17781;60;49;109
17782;232;248;480
17783;0;0;0
17784;24;17;41
17785;161;157;318
17786;0;0;0
17787;211;209;420
17788;381;551;932
17790;216;218;434
17791;70;33;103
17793;506;532;1038
17794;1363;1273;2636
17795;96;87;183
17796;262;169;431
17797;147;133;280
17798;6;8;14
17799;38;26;64
17800;523;518;1041
17801;5;4;9
17802;43;29;72
17803;0;0;0
17804;0;0;0
17805;0;0;0
17806;0;0;0
17807;75;70;145
17809;90;59;149
17810;219;276;495
17812;593;568;1161
17813;183;213;396
17814;257;223;480
17815;60;79;139
17816;84;60;144
17817;172;222;394
17818;271;284;555
17819;0;0;0
17820;0;0;0
17821;28;25;53
17822;82;61;143
17823;51;39;90
17824;57;82;139
17826;0;0;0
17827;0;0;0
17828;229;228;457
17829;142;135;277
17830;23;23;46
17832;64;44;108
17833;618;532;1150
17834;125;82;207
17835;27;43;70
17836;34;24;58
17837;17;17;34
17838;432;223;655
17840;123;102;225
17841;0;0;0
17843;263;331;594
17844;0;0;0
17845;0;0;0
17846;25;8;33
17847;51;51;102
17848;263;239;502
17849;0;0;0
17850;453;482;935
17851;0;0;0
17852;54;43;97
17854;163;171;334
17855;76;733;809
17857;129;215;344
17858;374;473;847
17859;748;788;1536
17860;358;244;602
17861;0;0;0
17862;0;0;0
17863;71;73;144
17864;0;0;0
17865;35;28;63
17866;0;0;0
17867;0;0;0
17868;6;5;11
17869;0;0;0
17870;5;12;17
17871;17;23;40
17872;121;107;228
17874;237;224;461
17875;281;241;522
17876;379;414;793
17877;560;541;1101
17878;0;0;0
17879;327;255;582
17880;32;19;51
17881;198;218;416
17882;25;15;40
17883;210;196;406
17884;40;30;70
17885;312;383;695
17886;115;76;191
17888;33;31;64
17889;22;26;48
17891;0;0;0
17892;208;159;367
17893;164;150;314
17894;44;24;68
17895;578;536;1114
17896;0;0;0
17897;152;147;299
17898;355;362;717
17899;40;45;85
17900;227;184;411
17901;52;40;92
17902;253;284;537
17903;504;443;947
17904;0;0;0
17905;0;0;0
17907;269;259;528
17908;579;581;1160
17909;0;0;0
17910;84;61;145
17911;71;70;141
17912;525;486;1011
17913;0;0;0
17914;55;28;83
17915;586;549;1135
17916;273;243;516
17917;23;23;46
17918;631;588;1219
17920;533;553;1086
17921;0;0;0
17922;100;87;187
17924;112;109;221
17925;111;104;215
17926;76;53;129
17927;2;4;6
17928;12;7;19
17930;100;96;196
17931;152;149;301
18001;32;33;65
18002;217;198;415
18003;59;29;88
18004;254;384;638
18006;170;128;298
18007;401;449;850
18008;116;70;186
18009;190;146;336
18010;155;109;264
18011;105;101;206
18012;147;178;325
18014;207;180;387
18015;161;144;305
18016;165;166;331
18017;188;178;366
18018;6;13;19
18020;80;71;151
18021;124;93;217
18023;15;16;31
18024;50;13;63
18025;64;77;141
18026;81;65;146
18027;50;36;86
18028;619;523;1142
18029;105;62;167
18030;49;41;90
18031;29;36;65
18032;43;30;73
18033;0;0;0
18034;542;518;1060
18035;210;227;437
18037;61;72;133
18038;49;33;82
18039;26;15;41
18040;110;87;197
18041;0;0;0
18042;411;318;729
18043;36;30;66
18044;33;26;59
18045;54;30;84
18046;0;0;0
18047;0;0;0
18048;28;31;59
18049;469;453;922
18050;198;184;382
18051;53;33;86
18052;82;48;130
18054;120;98;218
18055;111;123;234
18061;37;43;80
18062;44;25;69
18063;45;32;77
18064;0;0;0
18065;195;161;356
18066;330;313;643
18068;0;0;0
18069;167;141;308
18071;0;0;0
18072;0;0;0
18073;63;49;112
18074;51;46;97
18075;168;121;289
18076;0;0;0
18077;25;14;39
18078;40;30;70
18079;52;36;88
18080;208;102;310
18081;56;38;94
18082;55;67;122
18085;70;61;131
18086;0;0;0
18087;289;265;554
18088;38;43;81
18089;12;15;27
18090;178;168;346
18091;37;35;72
18092;33;32;65
18093;257;238;495
18094;246;253;499
18095;37;18;55
18096;19;16;35
18097;844;866;1710
18099;165;153;318
18100;0;0;0
18101;30;29;59
18102;237;263;500
18104;97;44;141
18105;65;45;110
18106;34;23;57
18107;34;25;59
18108;31;27;58
18109;53;47;100
18110;0;0;0
18111;284;263;547
18112;239;211;450
18113;33;32;65
18114;213;206;419
18115;0;0;0
18116;0;0;0
18118;0;0;0
18119;57;49;106
18121;103;75;178
18122;30;24;54
18123;271;238;509
18124;226;230;456
18125;0;0;0
18126;263;227;490
18127;157;146;303
18128;417;329;746
18130;155;106;261
18131;104;72;176
18132;101;52;153
18133;67;24;91
18138;17;7;24
18139;31;21;52
18140;12;11;23
18141;0;0;0
18142;65;78;143
18143;62;49;111
18144;35;31;66
18145;0;0;0
18146;28;14;42
18147;367;320;687
18149;417;388;805
18150;51;12;63
18152;41;36;77
18153;71;28;99
18154;51;38;89
18155;26;21;47
18156;38;27;65
18157;27;18;45
18158;126;123;249
18159;50;24;74
18160;37;31;68
18161;0;0;0
18162;44;31;75
18163;348;336;684
18164;41;43;84
18166;81;43;124
18167;58;30;88
18168;61;36;97
18169;55;32;87
18170;106;99;205
18172;524;473;997
18173;45;38;83
18175;15;9;24
18176;31;35;66
18177;0;0;0
18178;55;51;106
18180;0;0;0
18181;397;424;821
18183;61;43;104
18184;122;117;239
18185;7;4;11
18186;2;6;8
18187;0;0;0
18188;0;0;0
18189;47;43;90
18190;34;22;56
18191;67;47;114
18192;34;21;55
18193;38;40;78
18194;33;23;56
18195;115;84;199
18197;42;57;99
18198;0;0;0
18199;312;310;622
18200;45;19;64
18202;42;30;72
18203;84;87;171
18204;34;24;58
18205;82;67;149
18206;46;43;89
18207;56;45;101
18208;74;70;144
18209;0;0;0
18210;50;30;80
18211;37;20;57
18212;8;16;24
18213;70;46;116
18214;48;37;85
18216;162;158;320
18217;0;0;0
18218;286;265;551
18219;0;0;0
18220;329;324;653
18221;0;0;0
18222;64;54;118
18223;133;110;243
18224;48;42;90
18225;42;43;85
18226;151;117;268
18227;87;79;166
18228;0;0;0
18230;32;26;58
18231;50;38;88
18233;34;20;54
18234;46;40;86
18235;33;29;62
18236;96;16;112
18237;514;549;1063
18238;77;71;148
18239;66;41;107
18240;3;4;7
18241;124;137;261
18242;0;0;0
18243;130;120;250
18244;87;101;188
18245;51;38;89
18247;239;202;441
18248;45;6;51
18249;178;145;323
18250;20;14;34
18251;261;165;426
18252;32;28;60
18253;55;53;108
18254;30;28;58
18255;39;47;86
19630;28;24;52
19902;2;1;3
19903;0;0;0
19904;18;22;40
19906;415;444;859
19907;84;62;146
19908;432;423;855
19909;0;0;0
19910;14;9;23
19911;9;8;17
19912;3;8;11
19913;137;175;312
19914;15;8;23
19918;23;17;40
19919;7;2;9
19921;215;224;439
19922;127;104;231
19923;110;93;203
19925;116;204;320
19926;25;13;38
19927;145;141;286
19928;43;50;93
19930;5;6;11
19931;9;4;13
19933;0;0;0
19934;22;14;36
19935;0;0;0
19937;0;0;0
19939;0;0;0
19942;0;0;0
19943;0;0;0
19944;43;26;69
19945;19;9;28
19947;141;124;265
19948;0;0;0
19949;66;52;118
19950;79;64;143
19951;0;0;0
19952;465;544;1009
19953;39;40;79
19954;207;180;387
19955;0;0;0
19956;0;0;0
19957;0;0;0
19958;6;4;10
19959;44;45;89
19960;77;47;124
19961;0;0;0
19962;110;119;229
19964;61;30;91
19965;83;81;164
19966;0;0;0
19967;0;0;0
19968;270;287;557
19969;26;14;40
19970;0;0;0
19971;0;0;0
19972;155;137;292
19973;70;55;125
19974;426;126;552
19975;0;0;0
19976;4;0;4
19978;0;0;0
19979;0;0;0
19981;250;213;463
19982;0;0;0
19983;583;509;1092
19984;39;34;73
19985;0;0;0
19986;0;0;0
19987;0;0;0
19988;0;0;0
19990;6;11;17
19992;0;0;0
19993;240;239;479
19996;9;6;15
19997;0;0;0
19998;3;1;4
19999;19;12;31
20001;117;96;213
20002;72;47;119
20003;0;0;0
20004;0;0;0
20006;0;0;0
20007;0;0;0
20008;318;275;593
20009;0;0;0
20010;15;10;25
20011;0;0;0
20012;136;89;225
20013;0;0;0
20015;1;6;7
20016;357;346;703
20017;0;0;0
20018;0;0;0
20019;183;195;378
20021;0;0;0
20022;0;0;0
20023;0;0;0
20024;28;29;57
20025;406;572;978
20026;21;13;34
20027;9;14;23
20029;44;28;72
20030;57;39;96
20032;0;0;0
20033;32;40;72
20034;0;0;0
20035;0;0;0
20036;0;0;0
20037;170;198;368
20038;0;0;0
20039;0;0;0
20040;0;0;0
20041;218;170;388
20042;139;93;232
20043;83;94;177
20044;126;206;332
20046;281;282;563
20047;12;31;43
20048;404;418;822
20049;0;0;0
20050;0;0;0
20051;0;0;0
20052;239;215;454
20053;42;34;76
20054;5;5;10
20055;0;0;0
20056;0;0;0
20057;0;0;0
20058;31;22;53
20060;0;0;0
20061;0;0;0
20063;175;119;294
20064;102;85;187
20065;13;11;24
20066;34;40;74
20067;81;62;143
20068;229;223;452
20069;0;0;0
20070;20;10;30
20071;75;77;152
20072;0;0;0
20073;49;40;89
20074;249;197;446
20075;0;0;0
20077;0;0;0
20078;70;40;110
20079;0;0;0
20080;34;27;61
20081;0;0;0
20082;193;178;371
20083;0;0;0
20084;18;21;39
20085;127;125;252
20086;0;0;0
20087;62;45;107
20088;42;33;75
20089;52;48;100
20090;193;187;380
20091;478;534;1012
20092;0;0;0
20094;21;13;34
20095;65;50;115
20096;147;107;254
20097;65;36;101
20098;0;0;0
20099;39;43;82
20100;138;99;237
20101;0;0;0
20102;43;35;78
20103;103;83;186
20104;0;0;0
20105;0;0;0
20106;27;22;49
20107;0;0;0
20108;308;255;563
20110;0;0;0
20111;0;0;0
20113;39;36;75
20114;59;61;120
20115;0;0;0
20116;0;0;0
20117;14;10;24
20118;0;0;0
20119;49;41;90
20120;140;133;273
20121;165;159;324
20122;32;41;73
20123;0;0;0
20124;0;0;0
20125;0;0;0
20127;93;52;145
20129;202;188;390
20130;0;0;0
20131;56;54;110
20132;0;0;0
20133;141;166;307
20134;0;0;0
20135;0;0;0
20136;58;28;86
20137;438;499;937
20138;0;0;0
20139;214;198;412
20140;101;101;202
20141;21;23;44
20142;27;23;50
20144;9;8;17
20145;44;26;70
20146;0;0;0
20147;0;0;0
20148;0;0;0
20149;0;0;0
20150;3;2;5
20151;75;59;134
20152;21;10;31
20153;163;173;336
20154;154;132;286
20155;86;51;137
20156;31;28;59
20158;51;56;107
20159;450;450;900
20161;103;99;202
20162;119;112;231
20164;92;83;175
20165;70;62;132
20166;0;0;0
20167;337;333;670
20168;36;32;68
20169;0;0;0
20170;0;0;0
20171;0;0;0
20172;0;0;0
20173;435;393;828
20175;73;111;184
20176;191;128;319
20177;0;0;0
20178;36;49;85
20179;46;41;87
20180;202;184;386
20181;335;339;674
20182;85;100;185
20183;0;0;0
20184;68;55;123
20185;0;0;0
20186;114;133;247
20187;10;19;29
20189;0;0;0
20190;0;0;0
20192;0;0;0
20193;26;23;49
20194;111;116;227
20195;31;38;69
20196;74;66;140
20197;19;19;38
20198;0;0;0
20199;0;0;0
20200;180;158;338
20201;7;8;15
20202;103;70;173
20203;121;71;192
20204;88;49;137
20205;285;263;548
20206;47;37;84
20208;29;44;73
20209;162;139;301
20211;0;0;0
20212;141;140;281
20213;274;247;521
20214;186;165;351
20215;157;111;268
20216;31;26;57
20217;0;0;0
20218;103;76;179
20219;150;172;322
20220;0;0;0
20221;14;13;27
20222;6;6;12
20223;71;38;109
20225;69;60;129
20226;354;395;749
20227;50;34;84
20228;51;29;80
20229;0;0;0
20230;32;56;88
20231;28;10;38
20232;23;4;27
20233;9;4;13
20234;54;51;105
20235;477;429;906
20236;0;0;0
20237;25;30;55
20239;105;84;189
20240;38;39;77
20242;47;34;81
20243;110;50;160
20244;98;54;152
20245;31;37;68
20246;103;77;180
20247;64;54;118
20248;84;90;174
20249;0;0;0
20250;90;79;169
20251;0;0;0
20252;107;67;174
20253;0;0;0
20254;0;0;0
20256;7;8;15
20257;78;66;144
20258;520;670;1190
20259;35;32;67
20260;61;56;117
20261;72;72;144
20262;0;0;0
20263;134;150;284
20264;51;39;90
20265;282;243;525
20266;154;259;413
20267;51;40;91
20268;87;49;136
20270;103;78;181
20271;44;45;89
20273;53;31;84
20274;269;265;534
20275;0;0;0
20276;65;55;120
20277;23;19;42
20278;15;8;23
20279;9;13;22
20280;0;0;0
20281;84;91;175
20282;128;106;234
20283;48;32;80
20284;34;31;65
20285;39;35;74
20287;44;29;73
20288;54;29;83
20289;31;30;61
20290;348;360;708
20291;74;40;114
20292;44;44;88
20293;53;57;110
20294;40;20;60
20295;58;57;115
20296;55;38;93
20297;13;5;18
20298;419;0;419
20299;231;197;428
20300;98;98;196
20301;20;16;36
20302;39;23;62
20303;38;33;71
20304;21;22;43
20306;50;35;85
20307;36;28;64
20308;200;177;377
20309;0;0;0
20310;169;165;334
20311;263;0;263
20312;0;0;0
20313;70;33;103
20314;49;31;80
20315;42;27;69
20316;90;56;146
20317;92;58;150
20318;21;22;43
20320;0;0;0
20321;50;48;98
20323;49;33;82
20324;197;202;399
20325;75;43;118
20326;7;8;15
20327;31;17;48
20328;28;19;47
20329;39;29;68
20330;53;67;120
20331;33;41;74
20332;76;62;138
20333;0;0;0
20334;47;27;74
20335;97;83;180
20338;20;30;50
20339;52;33;85
20340;42;40;82
20341;98;94;192
20342;16;7;23
20343;29;26;55
20344;40;37;77
20345;43;31;74
20346;42;37;79
20347;74;89;163
20348;276;299;575
20349;27;23;50
20350;67;67;134
20351;39;25;64
20352;175;227;402
20354;73;41;114
20355;11;3;14
20356;140;104;244
20357;56;51;107
20358;27;7;34
20359;61;58;119
20360;56;34;90
20361;61;65;126
20362;0;0;0
20363;74;44;118
20364;593;570;1163
20365;31;16;47
20366;38;22;60
20368;96;68;164
20369;34;20;54
20371;38;22;60
20372;96;110;206
20373;25;25;50
20374;18;8;26
20375;47;31;78
20376;444;403;847
20377;32;22;54
20378;4;4;8
20379;32;31;63
20380;0;0;0
20381;35;34;69
20382;0;0;0
20383;72;73;145
20385;33;18;51
20386;31;19;50
20387;32;24;56
20388;25;10;35
20389;29;29;58
20390;89;69;158
20391;43;30;73
20392;39;12;51
20393;137;174;311
20395;139;127;266
20396;0;0;0
20397;35;35;70
20399;150;155;305
20400;241;227;468
20401;119;133;252
20402;161;146;307
20404;270;297;567
20405;22;21;43
20406;76;89;165
20407;38;22;60
20408;40;34;74
20409;28;17;45
20410;93;51;144
20411;36;48;84
20412;56;21;77
20413;42;41;83
20414;91;49;140
20416;44;36;80
20418;0;0;0
20419;4;5;9
20421;22;30;52
20422;26;11;37
20423;45;19;64
20424;250;220;470
20425;31;15;46
20426;113;73;186
20427;106;104;210
20428;398;0;398
20429;91;68;159
20430;10;20;30
20431;71;50;121
20432;53;33;86
20433;27;26;53
20435;56;53;109
20436;322;301;623
20437;65;47;112
20438;49;60;109
20439;28;21;49
20440;220;148;368
20441;340;329;669
20442;33;13;46
20443;117;82;199
20444;207;207;414
20445;153;160;313
20446;15;8;23
20447;55;29;84
20449;83;84;167
20450;50;34;84
20452;46;34;80
20454;29;22;51
20455;59;33;92
20456;80;34;114
20457;28;30;58
20458;26;18;44
20460;211;236;447
20461;115;114;229
20462;46;40;86
20463;51;29;80
20464;0;0;0
20466;564;229;793
20467;42;20;62
20468;0;0;0
20469;249;188;437
20470;131;111;242
20471;0;0;0
20472;80;52;132
20473;5;5;10
20474;91;111;202
20475;48;23;71
20476;0;0;0
20477;49;44;93
20478;369;261;630
20480;18;12;30
20481;0;0;0
20483;14;9;23
20484;27;20;47
20485;15;14;29
20486;21;29;50
20487;17;15;32
20488;0;0;0
20489;81;71;152
20490;6;11;17
20491;33;27;60
20492;46;25;71
20493;29;13;42
20494;57;49;106
20495;32;25;57
20497;22;11;33
20498;40;37;77
20500;62;57;119
20502;184;176;360
20503;30;2;32
20504;12;4;16
20505;46;30;76
20506;1;1;2
20507;239;209;448
20508;161;162;323
20509;71;74;145
20510;64;63;127
20511;55;32;87
20512;16;3;19
20513;233;245;478
20514;26;11;37
20516;29;22;51
20517;22;8;30
20518;40;39;79
20519;143;102;245
20520;98;80;178
20526;0;0;0
20533;20;11;31
20549;13;22;35
20562;95;53;148
20564;10;18;28
20566;1;1;2
20567;15;7;22
20582;39;20;59
20585;30;17;47
20586;0;0;0
20592;31;26;57
20593;41;16;57
20600;30;7;37
20601;153;133;286
20604;51;59;110
20629;42;31;73
20631;8;9;17
20632;16;9;25
20634;55;54;109
20638;38;37;75
20663;7;7;14
20665;101;43;144
20691;31;12;43
21123;0;0;0
22000;0;0;0
22001;0;0;0
22002;0;0;0
22004;0;0;0
22007;372;445;817
22008;0;0;0
22009;206;204;410
22010;244;223;467
22011;0;0;0
22012;125;107;232
22013;23;12;35
22014;270;167;437
22015;0;0;0
22016;1;1;2
22017;0;0;0
22019;219;212;431
22020;0;0;0
22021;107;112;219
22022;192;272;464
22024;118;68;186
22025;13;18;31
22026;0;0;0
22027;119;125;244
22028;0;0;0
22029;136;131;267
22030;0;0;0
22031;0;0;0
22032;0;0;0
22034;0;0;0
22036;0;0;0
22038;0;0;0
22039;0;0;0
22041;108;126;234
22042;0;0;0
22043;0;0;0
22044;0;0;0
22045;0;0;0
22046;0;0;0
22048;1;1;2
22049;7;7;14
22050;99;98;197
22051;49;22;71
22053;0;0;0
22055;0;0;0
22056;0;0;0
22057;0;0;0
22058;0;0;0
22059;0;0;0
22060;0;0;0
22061;0;0;0
22062;105;59;164
22063;0;0;0
22064;0;0;0
22065;619;621;1240
22066;32;30;62
22067;0;0;0
22070;16;12;28
22072;3;2;5
22073;0;0;0
22075;0;0;0
22076;0;0;0
22077;2;2;4
22078;69;41;110
22079;0;0;0
22080;0;0;0
22081;0;0;0
22083;207;221;428
22084;33;41;74
22086;182;151;333
22087;0;0;0
22088;0;0;0
22089;64;24;88
22091;64;35;99
22092;5;5;10
22093;2;1;3
22094;189;175;364
22095;10;2;12
22096;29;19;48
22097;77;56;133
22098;5;1;6
22100;2;6;8
22101;45;30;75
22102;0;0;0
22103;15;7;22
22105;288;244;532
22107;0;0;0
22108;0;0;0
22109;0;0;0
22110;0;0;0
22111;30;28;58
22112;13;23;36
22113;91;200;291
22114;134;82;216
22115;0;0;0
22116;0;0;0
22117;0;0;0
22119;27;37;64
22120;0;0;0
22122;0;0;0
22123;0;0;0
22125;3;2;5
22127;0;0;0
22128;0;0;0
22129;0;0;0
22130;120;114;234
22133;94;46;140
22134;10;20;30
22136;0;0;0
22137;30;24;54
22138;13;2;15
22139;21;12;33
22140;888;38;926
22141;0;0;0
22142;2;3;5
22143;0;0;0
22144;353;358;711
22145;4;1;5
22146;66;59;125
22147;8;13;21
22148;13;6;19
22151;59;87;146
22153;12;5;17
22154;0;0;0
22155;199;189;388
22156;12;15;27
22157;0;0;0
22158;79;87;166
22159;17;8;25
22160;211;184;395
22161;0;0;0
22162;7;9;16
22163;0;0;0
22164;0;0;0
22165;59;45;104
22167;0;0;0
22168;0;0;0
22169;0;0;0
22170;0;0;0
22171;0;0;0
22172;18;14;32
22173;26;20;46
22174;0;3;3
22175;221;174;395
22176;151;123;274
22177;218;194;412
22178;0;0;0
22179;0;0;0
22180;2;0;2
22181;21;16;37
22182;0;0;0
22184;17;12;29
22185;0;0;0
22186;35;39;74
22187;175;141;316
22188;62;66;128
22189;70;65;135
22190;0;0;0
22191;628;672;1300
22192;544;587;1131
22193;0;0;0
22194;2;2;4
22195;145;109;254
22196;148;148;296
22198;0;0;0
22199;0;0;0
22200;340;298;638
22201;36;20;56
22203;22;33;55
22204;51;28;79
22205;0;0;0
22206;0;0;0
22207;9;6;15
22208;0;0;0
22209;3;3;6
22210;170;204;374
22211;251;263;514
22212;0;0;0
22213;0;0;0
22214;7;3;10
22215;0;0;0
22217;0;0;0
22218;105;92;197
22219;17;9;26
22220;27;25;52
22221;25;24;49
22222;0;0;0
22223;135;78;213
22224;159;187;346
22225;18;7;25
22226;139;147;286
22227;0;0;0
22228;6;6;12
22229;231;192;423
22230;130;126;256
22231;327;338;665
22232;0;0;0
22234;208;237;445
22235;0;0;0
22236;343;309;652
22237;0;0;0
22238;0;0;0
22239;0;0;0
22240;50;41;91
22241;0;0;0
22242;0;0;0
22243;0;0;0
22244;5;2;7
22245;2;5;7
22246;153;180;333
22248;126;105;231
22249;5;3;8
22251;0;0;0
22252;0;0;0
22253;40;39;79
22254;0;0;0
22255;100;77;177
22256;53;18;71
22257;5;12;17
22258;13;18;31
22259;49;43;92
22260;135;112;247
22261;19;14;33
22262;183;271;454
22263;80;37;117
22265;124;84;208
22266;0;0;0
22267;43;31;74
22268;15;16;31
22269;8;6;14
22270;0;124;124
22271;187;332;519
22272;0;0;0
22273;0;0;0
22274;0;0;0
22275;309;219;528
22276;196;278;474
22277;98;86;184
22279;0;0;0
22280;25;17;42
22282;67;43;110
22283;118;84;202
22284;12;11;23
22285;0;0;0
22286;0;0;0
22287;0;0;0
22288;0;0;0
22289;0;0;0
22290;0;0;0
22291;4;3;7
22292;0;3;3
22293;22;8;30
22294;22;3;25
22296;169;184;353
22297;0;0;0
22298;0;0;0
22299;0;0;0
22301;0;0;0
22302;0;0;0
22303;0;0;0
22304;0;0;0
22305;0;0;0
22306;206;158;364
22307;147;179;326
22308;47;14;61
22309;283;345;628
22310;11;8;19
22311;0;0;0
22312;47;50;97
22313;118;138;256
22315;0;0;0
22316;0;0;0
22317;190;186;376
22318;11;10;21
22319;177;143;320
22320;76;38;114
22321;23;8;31
22322;205;171;376
22323;35;33;68
22324;0;0;0
22325;77;47;124
22326;0;0;0
22327;341;328;669
22329;0;0;0
22330;198;207;405
22332;0;0;0
22333;294;216;510
22334;146;177;323
22335;0;0;0
22336;0;0;0
22337;117;122;239
22338;16;8;24
22339;211;190;401
22340;5;4;9
22341;0;0;0
22342;50;41;91
22343;162;163;325
22344;0;0;0
22346;17;16;33
22347;0;0;0
22348;2;9;11
22349;14;11;25
22350;0;0;0
22351;424;594;1018
22352;137;123;260
22353;7;8;15
22354;170;200;370
22355;261;272;533
22356;237;197;434
22357;0;0;0
22358;295;260;555
22360;0;0;0
22361;205;190;395
22363;76;40;116
22364;51;32;83
22365;0;0;0
22366;119;100;219
22367;34;21;55
22368;0;0;0
22369;0;0;0
22370;0;0;0
22371;0;0;0
22372;227;187;414
22373;21;24;45
22374;268;253;521
22375;35;29;64
22377;0;0;0
22378;0;0;0
22379;50;20;70
22380;316;253;569
22381;0;0;0
22382;48;31;79
22383;24;13;37
22384;0;0;0
22385;0;0;0
22386;0;0;0
22387;62;51;113
22388;137;111;248
22389;0;0;0
22390;67;49;116
22391;0;0;0
22392;0;0;0
22394;14;8;22
22395;0;0;0
22396;4;4;8
22397;177;265;442
22398;160;106;266
22399;0;0;0
22400;4;5;9
22401;82;80;162
22402;91;53;144
22403;105;127;232
22404;0;0;0
22405;83;71;154
22406;0;0;0
22407;0;0;0
22408;68;61;129
22410;499;533;1032
22411;0;0;0
22413;37;46;83
22414;260;273;533
22415;84;65;149
22416;0;0;0
22417;23;17;40
22418;491;435;926
22419;346;285;631
22420;53;52;105
22421;18;14;32
22422;0;0;0
22423;0;0;0
22424;21;20;41
22425;18;21;39
22427;35;35;70
22428;280;298;578
22429;16;3;19
22430;114;101;215
22431;0;0;0
22432;0;0;0
22433;77;63;140
22434;1209;1236;2445
22435;0;0;0
22436;815;879;1694
22437;0;0;0
22438;19;9;28
22439;83;96;179
22440;0;0;0
22441;0;0;0
22442;0;0;0
22444;74;83;157
22445;25;24;49
22446;113;138;251
22447;14;6;20
22448;4;1;5
22449;0;0;0
22450;0;0;0
22451;8;9;17
22452;79;78;157
22453;0;0;0
22454;0;0;0
22455;0;0;0
22456;73;61;134
22458;147;118;265
22459;236;154;390
22461;101;90;191
22462;239;234;473
22463;14;9;23
22464;225;202;427
22465;0;0;0
22466;120;66;186
22467;121;136;257
22468;47;31;78
22469;0;0;0
22470;0;0;0
22471;21;19;40
22472;22;32;54
22473;81;93;174
22475;34;27;61
22476;123;141;264
22477;0;0;0
22478;183;295;478
22479;72;50;122
22480;371;315;686
22481;0;0;0
22482;81;83;164
22483;280;359;639
22484;0;0;0
22485;75;60;135
22486;6;5;11
22487;62;51;113
22489;172;119;291
22490;0;0;0
22492;49;34;83
22493;180;196;376
22494;308;305;613
22495;154;169;323
22496;192;137;329
22497;0;0;0
22498;0;0;0
22499;588;593;1181
22500;0;0;0
22501;0;0;0
22502;0;0;0
22503;46;37;83
22504;236;166;402
22505;64;36;100
22506;393;376;769
22508;0;0;0
22509;137;109;246
22511;0;0;0
22512;0;0;0
22513;0;0;0
22514;29;32;61
22515;0;0;0
22516;346;298;644
22517;21;14;35
22518;0;0;0
22519;410;415;825
22520;32;23;55
22521;75;54;129
22522;16;12;28
22523;27;34;61
22525;9;17;26
22526;3;6;9
22527;404;395;799
22528;0;0;0
22529;144;91;235
22530;0;0;0
22531;142;143;285
22532;245;169;414
22533;107;130;237
22534;0;0;0
22535;265;240;505
22536;144;168;312
22537;5;6;11
22539;130;97;227
22540;184;233;417
22542;229;223;452
22543;319;369;688
22544;224;176;400
22545;78;85;163
22546;110;104;214
22547;52;37;89
22548;3;5;8
22549;51;98;149
22550;27;22;49
22551;86;88;174
22552;84;111;195
22553;316;170;486
22554;296;267;563
22556;19;17;36
22557;0;0;0
22558;154;173;327
22559;55;64;119
22560;469;479;948
22561;155;165;320
22562;0;0;0
22563;0;0;0
22564;251;152;403
22565;293;344;637
22566;151;132;283
22567;0;0;0
22568;0;0;0
22570;0;0;0
22571;47;32;79
22573;61;41;102
22574;51;18;69
22575;20;21;41
22576;0;0;0
22577;15;12;27
22578;46;26;72
22579;38;23;61
22580;22;19;41
22581;75;55;130
22582;0;0;0
22583;8;7;15
22584;50;26;76
22585;26;18;44
22587;0;0;0
22588;197;167;364
22589;0;0;0
22590;0;0;0
22591;14;5;19
22592;2;1;3
22593;18;17;35
22594;0;0;0
22595;0;0;0
22596;134;150;284
22597;71;128;199
22598;0;0;0
22599;34;33;67
22600;0;0;0
22601;17;14;31
22602;198;218;416
22603;31;11;42
22604;32;55;87
22606;25;17;42
22607;0;0;0
22608;229;186;415
22609;263;265;528
22610;153;142;295
22611;0;0;0
22612;135;123;258
22613;13;12;25
22614;36;25;61
22615;21;19;40
22616;119;95;214
22617;29;20;49
22618;50;29;79
22620;23;20;43
22621;176;173;349
22623;144;110;254
22624;41;26;67
22625;0;0;0
22626;235;65;300
22627;85;92;177
22628;37;49;86
22629;358;357;715
22630;24;19;43
22631;0;0;0
22632;0;0;0
22633;305;7;312
22634;268;181;449
22635;0;0;0
22637;135;102;237
22638;258;14;272
22639;11;11;22
22640;0;0;0
22641;211;189;400
22642;0;0;0
22643;72;54;126
22644;0;0;0
22645;0;0;0
22646;41;50;91
22647;56;45;101
22648;64;54;118
22649;0;0;0
22650;31;19;50
22651;0;0;0
22652;0;0;0
22654;35;42;77
22655;133;144;277
22656;16;18;34
22657;61;45;106
22658;129;135;264
22659;0;0;0
22660;0;0;0
22661;90;58;148
22662;0;0;0
22663;109;100;209
22664;133;153;286
22665;13;14;27
22666;21;12;33
22668;21;20;41
22669;0;0;0
22671;44;42;86
22672;171;153;324
22673;0;0;0
22674;105;103;208
22675;0;0;0
22676;28;25;53
22677;44;31;75
22678;0;0;0
22679;16;13;29
22680;27;23;50
22681;0;0;0
22682;49;30;79
22683;0;0;0
22685;27;20;47
22686;219;187;406
22687;46;27;73
22688;372;378;750
22689;0;0;0
22690;6;5;11
22691;172;227;399
22692;384;351;735
22693;0;0;0
22694;0;0;0
22695;0;0;0
22696;0;0;0
22697;18;23;41
22699;31;12;43
22700;77;43;120
22701;18;20;38
22702;406;400;806
22704;99;67;166
22705;0;0;0
22706;33;14;47
22707;203;240;443
22708;0;0;0
22709;27;30;57
22710;59;26;85
22719;37;18;55
22736;53;59;112
22738;59;34;93
22739;67;50;117
22740;0;0;0
22741;35;29;64
22742;49;29;78
22743;116;116;232
22744;76;31;107
22745;0;0;0
22746;0;0;0
22747;92;108;200
22749;36;47;83
22750;0;0;0
22752;102;246;348
22753;28;14;42
22754;40;35;75
22755;195;125;320
22756;47;36;83
22757;27;21;48
22758;269;245;514
22759;251;198;449
22760;75;49;124
22761;0;0;0
22762;50;27;77
22763;28;23;51
22764;0;0;0
22766;95;42;137
24136;0;0;0
24200;0;0;0
24201;123;103;226
24202;0;0;0
24203;157;155;312
24204;78;93;171
24205;0;0;0
24206;688;652;1340
24207;214;261;475
24209;308;323;631
24210;5;6;11
24212;404;422;826
24213;210;233;443
24214;316;254;570
24215;49;56;105
24216;254;249;503
24217;0;0;0
24218;1;3;4
24219;0;0;0
24220;34;2;36
24221;0;0;0
24222;0;0;0
24223;64;53;117
24224;359;376;735
24226;402;344;746
24227;0;0;0
24228;0;0;0
24229;272;222;494
24230;464;482;946
24231;263;285;548
24232;40;24;64
24233;205;215;420
24234;91;72;163
24235;0;0;0
24236;86;85;171
24237;73;92;165
24238;137;110;247
24240;201;216;417
24241;106;123;229
24243;122;113;235
24244;0;0;0
24248;12;7;19
24300;182;156;338
24301;0;0;0
24302;237;265;502
24303;175;180;355
24305;292;269;561
24307;548;732;1280
24310;0;0;0
24311;152;138;290
24312;27;15;42
24313;339;311;650
24314;190;235;425
24315;0;0;0
24316;262;211;473
24317;244;184;428
24318;305;336;641
24319;222;215;437
24320;11;5;16
24321;115;82;197
24322;3;1;4
24324;132;123;255
24325;0;8;8
24327;320;426;746
24328;0;0;0
24329;1196;0;1196
24330;105;86;191
24331;41;25;66
24332;80;57;137
24333;15;14;29
24334;4;13;17
24335;87;52;139
24336;44;19;63
24338;241;216;457
24339;60;18;78
24341;2;2;4
24342;35;25;60
24400;116;112;228
24401;204;160;364
24402;0;0;0
24403;314;358;672
24405;196;127;323
24406;111;102;213
24407;388;418;806
24408;0;0;0
24409;302;253;555
24410;536;620;1156
24411;0;0;0
24412;267;204;471
24413;0;0;0
24414;11;25;36
24415;0;0;0
24419;0;0;0
24420;161;124;285
24422;0;0;0
24423;520;518;1038
24424;174;205;379
24425;0;0;0
24426;307;276;583
24427;594;625;1219
24428;145;120;265
24429;0;0;0
24430;0;0;0
24431;299;277;576
24432;0;0;0
24433;0;0;0
24434;0;0;0
24436;0;0;0
24437;0;0;0
24438;378;420;798
24439;0;0;0
24440;0;101;101
24441;0;0;0
24442;116;60;176
24443;494;554;1048
24444;223;93;316
24445;269;272;541
24446;336;76;412
24447;0;0;0
24448;205;210;415
24450;0;0;0
24453;0;0;0
24454;0;0;0
24455;145;157;302
24456;0;0;0
24457;0;0;0
24458;0;0;0
24459;110;93;203
24460;0;0;0
24461;21;24;45
24462;47;42;89
24463;0;0;0
24464;421;303;724
24465;0;0;0
24467;0;0;0
24468;0;0;0
24470;0;0;0
24471;0;0;0
24472;0;0;0
24473;256;282;538
24474;0;0;0
24476;0;0;0
24477;0;0;0
24479;0;0;0
24480;0;0;0
24481;0;0;0
24482;1008;327;1335
24484;91;43;134
24485;0;0;0
24486;387;392;779
24487;0;0;0
24488;0;0;0
24489;123;127;250
24490;0;0;0
24491;196;175;371
24492;0;0;0
24493;0;0;0
24494;89;38;127
24495;0;0;0
24496;127;124;251
24498;284;288;572
24499;0;0;0
24500;0;0;0
24501;0;0;0
24503;40;34;74
24505;0;0;0
24506;0;40;40
24507;0;0;0
24508;172;158;330
24509;0;0;0
24510;29;16;45
24511;0;0;0
24512;0;0;0
24517;0;0;0
24518;0;0;0
24519;0;0;0
24520;551;488;1039
24521;0;0;0
24522;0;0;0
24523;0;0;0
24524;0;0;0
24525;0;0;0
24526;0;0;0
24539;0;0;0
24540;0;0;0
24542;0;0;0
24543;0;0;0
24544;0;0;0
24545;0;0;0
24546;0;0;0
24548;0;0;0
24549;0;0;0
24551;0;0;0
24553;0;0;0
24554;0;0;0
24556;0;0;0
24557;0;0;0
24558;503;384;887
24559;0;0;0
24560;0;0;0
24561;0;0;0
24563;0;0;0
24565;0;0;0
24566;0;0;0
24567;0;0;0
24568;0;0;0
24569;0;0;0
24570;0;0;0
24571;0;0;0
24572;0;0;0
24573;0;0;0
24574;0;0;0
24575;0;0;0
24576;0;0;0
24577;0;0;0
24579;0;0;0
24580;0;0;0
24582;0;0;0
24583;0;0;0
24584;0;0;0
24585;0;0;0
24587;0;0;0
24590;0;0;0
24593;0;0;0
24594;0;0;0
24596;0;0;0
24597;0;0;0
24599;336;286;622
24601;15;25;40
24602;0;0;0
24603;0;0;0
24605;0;0;0
24607;58;78;136
24608;0;0;0
24609;0;0;0
24610;0;0;0
24611;0;0;0
24612;53;46;99
24613;0;0;0
24615;0;0;0
24616;0;0;0
24617;30;14;44
24618;0;0;0
24621;0;0;0
24622;809;689;1498
24623;977;1033;2010
24624;954;931;1885
24625;209;216;425
24626;769;970;1739
24627;149;133;282
24629;0;0;0
24630;0;0;0
24632;0;0;0
24633;0;0;0
24634;0;0;0
24635;0;0;0
24636;0;0;0
24637;0;0;0
24638;281;196;477
24639;0;0;0
24640;0;0;0
24641;0;0;0
24642;338;377;715
24643;0;0;0
24644;0;0;0
24646;0;0;0
24647;68;30;98
24648;507;529;1036
24649;56;53;109
24650;0;0;0
24651;0;0;0
24652;236;150;386
24653;0;0;0
24654;103;68;171
24655;0;0;0
24656;0;0;0
24657;163;185;348
24663;0;0;0
24664;0;0;0
24666;287;246;533
24667;0;0;0
24668;0;0;0
24670;257;395;652
24671;160;116;276
24672;0;0;0
24673;0;0;0
24674;0;0;0
24675;245;245;490
24677;0;0;0
24678;151;95;246
24679;0;0;0
24680;0;0;0
24681;0;0;0
24682;107;119;226
24684;137;114;251
24685;1836;1852;3688
24686;290;332;622
24687;0;0;0
24688;0;0;0
24689;259;288;547
24690;146;172;318
24691;0;0;0
24692;0;0;0
24694;0;0;0
24695;0;0;0
24696;0;0;0
24697;0;0;0
24698;0;0;0
24699;204;189;393
24700;120;112;232
24701;0;0;0
24702;0;0;0
24703;0;0;0
24704;0;0;0
24705;0;0;0
24706;0;0;0
24707;42;42;84
24708;0;0;0
24711;0;0;0
24713;474;509;983
24714;248;261;509
24715;195;221;416
24716;256;236;492
24717;410;418;828
24718;145;108;253
24719;176;209;385
24720;0;0;0
24721;270;268;538
24722;179;179;358
24723;18;21;39
24724;0;0;0
24725;33;23;56
24727;0;0;0
24729;0;0;0
24730;247;276;523
24732;0;0;0
24733;891;956;1847
24734;0;0;0
24735;0;0;0
24736;11;11;22
24737;0;0;0
24738;35;17;52
24739;0;0;0
24740;12;5;17
24741;0;0;0
24742;53;40;93
24744;0;0;0
24745;0;0;0
24748;0;0;0
24749;0;0;0
24750;37;22;59
24751;269;223;492
24752;29;42;71
24753;0;0;0
24754;195;231;426
24755;24;13;37
24756;546;524;1070
24758;169;138;307
24759;217;225;442
24761;182;92;274
24762;291;298;589
24763;25;31;56
24764;0;0;0
24765;17;14;31
24766;169;164;333
24767;602;611;1213
24768;0;0;0
24769;625;586;1211
24770;0;0;0
24771;0;0;0
24772;0;0;0
24773;0;0;0
24775;0;0;0
24777;0;0;0
24778;0;0;0
24779;0;0;0
24780;0;0;0
24781;0;0;0
24782;195;103;298
24783;172;167;339
24784;0;0;0
24785;0;0;0
24786;0;0;0
24787;0;0;0
24789;455;469;924
24790;206;146;352
24794;0;0;0
24795;40;29;69
24796;0;0;0
24797;0;0;0
24798;220;289;509
24799;0;0;0
24800;256;206;462
24801;90;50;140
24802;0;0;0
24803;82;41;123
24804;91;69;160
24805;0;0;0
24806;23;12;35
24808;0;0;0
24809;422;458;880
24811;0;0;0
24812;1050;0;1050
24813;0;0;0
24814;0;0;0
24815;0;0;0
24816;0;0;0
24817;118;168;286
24818;0;0;0
24819;0;0;0
24820;0;0;0
24821;0;0;0
24822;279;209;488
24823;0;0;0
24825;0;0;0
24826;264;273;537
24827;0;0;0
24828;281;202;483
24829;0;0;0
24830;0;0;0
24831;0;0;0
24832;17;18;35
24834;0;0;0
24835;0;0;0
24836;395;366;761
24837;0;0;0
24839;0;0;0
24840;187;99;286
24842;126;124;250
24843;650;536;1186
24844;0;0;0
24845;0;0;0
24846;0;0;0
24847;0;0;0
24848;0;0;0
24849;0;0;0
24850;0;0;0
24851;13;8;21
24852;0;0;0
24853;0;0;0
24854;242;231;473
24856;248;211;459
24857;0;2;2
24858;0;0;0
24859;0;0;0
24860;0;0;0
24861;0;0;0
24862;0;0;0
24863;0;0;0
24864;439;319;758
24865;0;0;0
24866;481;422;903
24867;0;0;0
24868;81;52;133
24870;0;0;0
24871;0;0;0
24873;289;311;600
24874;136;112;248
24875;55;48;103
24876;308;274;582
24877;0;0;0
24878;1504;1575;3079
24879;230;183;413
24880;97;50;147
24881;203;108;311
24882;129;52;181
24883;236;207;443
24884;615;585;1200
24885;872;1032;1904
24888;0;0;0
24889;555;497;1052
24890;0;0;0
24891;0;0;0
24892;279;260;539
24893;114;76;190
24894;287;264;551
24895;0;0;0
24896;191;115;306
24897;77;81;158
24898;237;246;483
24900;1204;0;1204
24901;0;0;0
24902;0;0;0
24903;45;59;104
24904;0;0;0
24906;41;37;78
24907;163;165;328
24908;523;456;979
24909;0;0;0
24910;0;0;0
24911;169;123;292
24912;240;256;496
24913;0;326;326
24914;0;0;0
24915;0;0;0
24916;41;21;62
24917;0;0;0
24918;0;0;0
24920;30;21;51
24921;0;0;0
24923;0;0;0
24924;0;0;0
24925;0;0;0
24926;144;177;321
24927;876;844;1720
24928;0;0;0
24929;0;0;0
24930;271;306;577
24931;75;38;113
24932;44;29;73
24933;161;114;275
24934;0;0;0
24935;264;253;517
24937;14;16;30
24938;0;0;0
24939;159;105;264
24940;0;0;0
24941;0;0;0
24942;30;34;64
24943;0;0;0
24944;231;311;542
24945;405;430;835
24946;1530;1785;3315
24947;0;0;0
24948;0;0;0
24950;0;0;0
24952;51;24;75
24954;185;185;370
24955;0;0;0
24956;751;0;751
24957;159;74;233
24958;0;0;0
24959;225;116;341
24960;190;227;417
24961;58;71;129
24963;347;285;632
24964;0;0;0
24966;225;201;426
24968;55;35;90
24969;217;230;447
24971;128;84;212
24972;661;800;1461
24973;0;0;0
24974;0;0;0
24976;440;406;846
24977;529;651;1180
24978;1131;1008;2139
24979;0;929;929
24980;137;82;219
24981;0;0;0
24982;0;0;0
24983;0;0;0
24985;117;85;202
24986;288;252;540
24987;274;218;492
24988;298;318;616
24989;179;207;386
24990;0;0;0
24992;0;0;0
24994;0;0;0
24995;262;238;500
24997;252;186;438
24999;388;311;699
25001;837;793;1630
25002;432;358;790
25003;0;0;0
25005;132;151;283
25006;0;0;0
25007;0;0;0
25009;348;360;708
25011;0;0;0
25012;600;568;1168
25013;0;0;0
25014;266;240;506
25015;128;82;210
25016;258;255;513
25017;148;134;282
25019;0;0;0
25020;0;0;0
25022;45;23;68
25023;0;0;0
25025;350;418;768
25026;485;487;972
25027;313;400;713
25028;463;471;934
25029;0;0;0
25030;7;9;16
25031;73;39;112
25032;567;635;1202
25034;53;62;115
25036;65;40;105
25037;0;0;0
25038;232;176;408
25039;438;379;817
25040;0;0;0
25041;285;229;514
25042;842;732;1574
25043;351;393;744
25044;0;0;0
25045;118;169;287
25046;34;26;60
25047;707;550;1257
25048;425;453;878
25050;501;370;871
25051;0;0;0
25053;0;0;0
25054;72;65;137
25055;664;724;1388
25056;0;0;0
25057;152;116;268
25058;81;34;115
25059;523;470;993
25061;276;312;588
25062;81;80;161
25063;0;0;0
25065;1347;1341;2688
25067;0;0;0
25068;0;0;0
25069;0;0;0
25070;387;366;753
25071;414;441;855
25073;71;43;114
25074;0;0;0
25075;90;55;145
25076;0;0;0
25077;0;0;0
25078;325;293;618
25079;79;41;120
25080;74;42;116
25081;0;0;0
25082;454;505;959
25084;249;214;463
25085;44;14;58
25086;0;0;0
25087;73;76;149
25089;522;383;905
25090;0;0;0
25091;1301;1227;2528
25092;77;54;131
25093;0;0;0
25094;298;273;571
25095;57;35;92
25096;0;0;0
25098;98;80;178
25099;91;52;143
25100;0;0;0
25101;652;669;1321
25103;120;61;181
25104;0;0;0
25105;0;0;0
25106;0;0;0
25107;160;145;305
25108;0;0;0
25109;89;59;148
25110;0;0;0
25111;56;85;141
25112;85;62;147
25113;0;0;0
25114;665;689;1354
25115;57;29;86
25117;145;97;242
25118;80;49;129
25119;128;66;194
25120;0;0;0
25121;843;843;1686
25122;0;0;0
25123;0;0;0
25124;0;0;0
25125;51;75;126
25126;0;0;0
25127;254;293;547
25128;0;0;0
25129;82;35;117
25130;122;138;260
25131;77;15;92
25132;300;356;656
25134;146;152;298
25135;0;0;0
25136;111;160;271
25137;0;0;0
25138;206;174;380
25139;0;0;0
25140;0;0;0
25142;97;81;178
25143;811;801;1612
25145;24;21;45
25146;0;0;0
25148;0;0;0
25149;0;0;0
25151;0;0;0
25152;0;0;0
25153;765;820;1585
25154;53;48;101
25155;191;171;362
25156;0;0;0
25157;451;474;925
25158;28;31;59
25159;0;0;0
25160;184;175;359
25161;0;0;0
25162;166;157;323
25163;0;0;0
25165;0;0;0
25166;452;356;808
25167;0;0;0
25169;31;25;56
25170;29;11;40
25171;290;310;600
25172;891;886;1777
25173;121;125;246
25174;0;0;0
25175;250;204;454
25176;0;0;0
25177;0;0;0
25179;87;51;138
25180;159;124;283
25182;104;110;214
25183;0;0;0
25184;0;0;0
25185;477;497;974
25186;311;263;574
25187;87;54;141
25188;287;271;558
25189;61;55;116
25190;78;46;124
25191;111;60;171
25192;103;16;119
25193;0;0;0
25194;245;219;464
25196;283;276;559
25197;218;188;406
25198;908;1121;2029
25199;130;87;217
25201;373;380;753
25202;820;947;1767
25203;0;0;0
25204;12;8;20
25205;0;0;0
25206;141;97;238
25207;0;0;0
25208;62;52;114
25209;11;17;28
25210;26;22;48
25211;25;13;38
25212;7;4;11
25213;8;5;13
25215;965;1044;2009
25216;178;112;290
25217;17;23;40
25218;556;544;1100
25219;32;20;52
25220;301;347;648
25221;195;209;404
25222;83;46;129
25223;504;624;1128
25224;137;69;206
25225;413;390;803
25226;15;19;34
25227;62;32;94
25230;161;113;274
25232;49;31;80
25233;0;0;0
25234;0;0;0
25235;309;210;519
25236;41;41;82
25237;254;171;425
25238;436;445;881
25239;0;0;0
25240;0;0;0
25241;250;251;501
25242;0;0;0
25243;0;0;0
25244;102;66;168
25246;0;0;0
25247;73;60;133
25249;329;326;655
25250;150;1012;1162
25251;0;0;0
25252;0;0;0
25253;0;0;0
25254;0;0;0
25255;327;362;689
25256;544;536;1080
25257;0;1;1
25258;101;162;263
25260;113;66;179
25261;0;0;0
25263;90;75;165
25264;93;49;142
25265;347;363;710
25266;0;0;0
25267;0;0;0
25269;267;192;459
25270;142;143;285
25271;154;107;261
25272;54;34;88
25273;155;132;287
25274;0;0;0
25275;0;0;0
25277;63;36;99
25278;326;306;632
25279;226;224;450
25280;124;74;198
25281;53;25;78
25282;818;839;1657
25283;19;21;40
25284;61;35;96
25285;0;0;0
25286;45;24;69
25287;75;66;141
25288;255;202;457
25289;133;91;224
25290;101;65;166
25291;0;0;0
25292;0;0;0
25294;36;32;68
25295;0;0;0
25296;64;34;98
25297;46;23;69
25298;37;28;65
25299;0;0;0
25300;40;27;67
25301;77;65;142
25302;29;23;52
25303;238;198;436
25304;543;397;940
25305;34;19;53
25306;129;75;204
25307;35;27;62
25308;0;0;0
25310;434;357;791
25311;0;0;0
25314;333;274;607
25315;196;169;365
25316;134;150;284
25317;62;50;112
25318;0;0;0
25319;396;324;720
25320;27;27;54
25321;0;0;0
25322;136;103;239
25323;0;0;0
25324;393;374;767
25325;0;0;0
25327;48;38;86
25328;365;312;677
25329;538;542;1080
25330;80;49;129
25331;220;204;424
25332;253;235;488
25333;36;19;55
25334;114;97;211
25335;0;0;0
25336;0;0;0
25337;0;0;0
25338;0;0;0
25339;130;95;225
25340;0;0;0
25341;0;0;0
25342;430;399;829
25344;33;22;55
25346;0;0;0
25347;423;414;837
25348;635;575;1210
25349;498;495;993
25350;243;258;501
25351;36;33;69
25352;800;877;1677
25353;76;57;133
25354;67;65;132
25355;19;23;42
25356;123;126;249
25358;48;22;70
25359;206;148;354
25361;82;34;116
25362;75;32;107
25363;169;94;263
25364;92;55;147
25365;139;93;232
25366;258;254;512
25367;596;503;1099
25368;792;821;1613
25369;1796;2013;3809
25370;70;45;115
25371;763;855;1618
25372;0;0;0
25373;124;56;180
25375;88;41;129
25376;53;23;76
25377;32;28;60
25378;0;0;0
25379;15;16;31
25380;0;0;0
25381;54;29;83
25382;228;246;474
25383;66;48;114
25384;201;118;319
25385;316;319;635
25386;889;785;1674
25387;1073;1038;2111
25389;396;415;811
25390;96;111;207
25392;70;40;110
25393;251;263;514
25394;25;19;44
25395;396;435;831
25396;796;766;1562
25397;74;50;124
25398;195;108;303
25399;80;53;133
25400;66;52;118
25401;0;0;0
25402;1069;0;1069
25403;77;54;131
25404;52;37;89
25405;52;28;80
25406;125;96;221
25408;62;31;93
25409;0;0;0
25411;0;0;0
25412;0;0;0
25413;139;118;257
25414;77;42;119
25415;53;37;90
25416;0;0;0
25417;82;42;124
25418;602;618;1220
25419;0;0;0
25420;82;69;151
25421;75;45;120
25422;0;0;0
25423;222;221;443
25425;81;43;124
25426;69;36;105
25427;67;47;114
25428;44;26;70
25429;71;30;101
25430;19;23;42
25431;213;208;421
25432;0;0;0
25433;34;25;59
25434;248;216;464
25435;0;0;0
25436;433;543;976
25437;37;33;70
25439;1145;1068;2213
25440;87;58;145
25442;277;297;574
25443;53;26;79
25444;0;0;0
25445;0;0;0
25446;22;13;35
25447;150;124;274
25448;997;889;1886
25449;0;0;0
25450;232;189;421
25451;37;13;50
25452;329;353;682
25453;0;0;0
25454;170;137;307
25456;0;0;0
25457;0;0;0
25458;260;238;498
25459;60;47;107
25460;31;9;40
25461;51;33;84
25462;479;403;882
25463;180;133;313
25464;846;843;1689
25465;174;188;362
25466;58;16;74
25467;86;74;160
25468;0;0;0
25470;62;44;106
25471;238;175;413
25473;25;17;42
25474;37;25;62
25475;401;410;811
25476;0;0;0
25477;393;394;787
25478;802;869;1671
25479;0;0;0
25480;222;238;460
25481;488;470;958
25482;236;222;458
25483;0;0;0
25484;219;246;465
25485;166;157;323
25487;834;826;1660
25488;0;0;0
25489;0;0;0
25490;97;51;148
25491;0;0;0
25492;105;95;200
25494;0;0;0
25495;0;0;0
25496;772;564;1336
25497;0;0;0
25498;0;0;0
25499;0;0;0
25500;87;62;149
25501;670;553;1223
25502;143;162;305
25503;122;120;242
25504;202;189;391
25505;0;0;0
25506;51;39;90
25507;150;177;327
25508;361;315;676
25509;307;565;872
25510;69;53;122
25511;8;11;19
25512;0;0;0
25513;43;33;76
25514;178;153;331
25515;0;0;0
25516;126;72;198
25517;58;51;109
25518;0;0;0
25520;540;664;1204
25521;0;0;0
25523;782;738;1520
25524;0;102;102
25525;196;160;356
25526;364;392;756
25527;117;66;183
25528;57;11;68
25529;32;22;54
25530;53;32;85
25531;0;0;0
25532;99;80;179
25533;92;87;179
25534;50;36;86
25535;0;0;0
25537;86;64;150
25538;0;0;0
25539;141;142;283
25540;474;604;1078
25541;211;322;533
25542;705;682;1387
25543;226;180;406
25544;259;199;458
25545;53;37;90
25546;124;82;206
25547;71;49;120
25548;0;0;0
25549;0;0;0
25550;725;653;1378
25551;39;38;77
25552;0;0;0
25554;231;157;388
25555;23;24;47
25556;443;561;1004
25557;382;402;784
25558;432;485;917
25559;0;0;0
25560;81;44;125
25561;169;133;302
25562;651;770;1421
25563;41;16;57
25564;125;70;195
25565;64;44;108
25566;40;25;65
25568;139;94;233
25569;71;47;118
25571;524;473;997
25572;61;71;132
25573;244;261;505
25574;48;50;98
25575;82;45;127
25576;360;273;633
25577;267;335;602
25578;0;0;0
25579;0;0;0
25580;573;522;1095
25581;69;51;120
25582;76;62;138
25583;92;74;166
25585;120;61;181
25586;51;45;96
25587;0;0;0
25588;0;0;0
25589;422;405;827
25590;0;0;0
25591;548;489;1037
25592;62;35;97
25593;361;294;655
25594;62;44;106
25595;68;29;97
25596;71;39;110
25597;0;0;0
25599;830;746;1576
25600;0;0;0
25601;28;23;51
25602;197;192;389
25604;69;76;145
25605;0;0;0
25606;0;0;0
25607;17;7;24
25608;47;28;75
25609;107;64;171
25610;63;55;118
25611;145;159;304
25612;122;117;239
25613;618;646;1264
25614;27;12;39
25615;263;256;519
25616;21;9;30
25618;27;21;48
25619;0;0;0
25621;46;38;84
25622;43;23;66
25623;0;0;0
25624;222;184;406
25625;159;160;319
25626;0;0;0
25627;99;84;183
25628;0;0;0
25629;20;10;30
25630;142;98;240
25631;53;32;85
25632;37;43;80
25633;153;150;303
25635;0;0;0
25636;81;50;131
25637;0;0;0
25638;44;35;79
25639;329;241;570
25640;513;606;1119
25641;38;30;68
25642;101;72;173
25643;51;37;88
25644;276;254;530
25645;495;840;1335
25646;42;32;74
25647;150;106;256
25649;61;43;104
25650;894;1003;1897
25652;8;7;15
25653;0;0;0
25654;997;928;1925
25655;416;381;797
25656;58;48;106
25657;0;0;0
25658;83;50;133
25659;0;0;0
25660;0;0;0
25661;21;21;42
25662;0;0;0
25663;17;28;45
25664;115;81;196
25666;160;117;277
25667;52;34;86
25668;34;26;60
25669;375;331;706
25670;0;0;0
25671;53;57;110
25672;0;0;0
25673;0;0;0
25674;196;164;360
25675;454;716;1170
25676;604;741;1345
25677;48;16;64
25678;0;0;0
25680;0;0;0
25681;247;138;385
25683;47;31;78
25684;0;0;0
25685;0;0;0
25686;0;0;0
25687;0;0;0
25688;101;90;191
25689;0;0;0
25690;0;0;0
25691;0;0;0
25692;190;199;389
25693;204;326;530
25694;0;0;0
25695;375;579;954
25697;158;115;273
25698;381;364;745
25699;0;0;0
25700;464;476;940
25702;0;0;0
25703;401;401;802
25704;556;572;1128
25705;62;60;122
25707;0;0;0
25708;0;0;0
25709;660;615;1275
25710;44;42;86
25711;456;391;847
25712;158;75;233
25713;206;286;492
25714;371;367;738
25716;479;394;873
25717;836;827;1663
25718;164;96;260
25719;22;33;55
25720;0;0;0
25721;0;0;0
25722;386;500;886
25723;55;54;109
25724;484;613;1097
25725;331;359;690
25726;95;57;152
25727;1469;0;1469
25728;0;0;0
25730;0;0;0
25731;25;0;25
25733;680;699;1379
25734;0;0;0
25735;198;204;402
25736;236;210;446
25737;314;245;559
25738;122;117;239
25739;480;568;1048
25740;60;48;108
25741;75;56;131
25742;59;27;86
25743;25;25;50
25744;0;0;0
25745;0;0;0
25747;104;92;196
25748;0;0;0
25749;1584;1606;3190
25750;42;41;83
25751;471;489;960
25752;129;98;227
25753;197;156;353
25754;42;38;80
25755;0;0;0
25756;41;25;66
25757;50;32;82
25758;0;0;0
25760;0;0;0
25761;0;0;0
25762;0;0;0
25764;93;69;162
25765;74;44;118
25766;946;1011;1957
25767;235;127;362
25768;0;0;0
25769;0;0;0
25770;1442;0;1442
25771;0;0;0
25772;13;17;30
25773;48;55;103
25774;62;49;111
25775;202;109;311
25776;17;22;39
25778;0;0;0
25779;765;675;1440
25781;884;813;1697
25782;37;12;49
25783;270;269;539
25784;68;38;106
25785;172;145;317
25786;173;88;261
25787;51;47;98
25788;405;391;796
25789;0;0;0
25790;353;340;693
25791;53;21;74
25792;91;46;137
25793;34;19;53
25795;131;183;314
25796;0;0;0
25797;158;126;284
25798;227;154;381
25799;139;155;294
25800;0;0;0
25801;167;122;289
25802;0;0;0
25803;121;111;232
25804;682;693;1375
25805;0;0;0
25806;0;0;0
25807;79;58;137
25808;144;139;283
25809;31;28;59
25810;0;0;0
25811;0;0;0
25812;62;51;113
25814;257;190;447
25816;0;0;0
25817;0;0;0
25818;986;765;1751
25819;26;17;43
25820;0;0;0
25821;0;0;0
25822;36;30;66
25823;11;23;34
25824;444;298;742
25825;315;273;588
25826;105;89;194
25828;14;16;30
25829;535;518;1053
25831;98;86;184
25832;245;211;456
25833;42;13;55
25834;74;54;128
25835;0;0;0
25836;77;72;149
25837;0;0;0
25838;102;128;230
25839;114;74;188
25840;0;0;0
25841;0;0;0
25842;24;649;673
25843;467;464;931
25845;156;162;318
25846;0;0;0
25847;108;71;179
25848;0;0;0
25849;0;0;0
25850;364;329;693
25851;209;157;366
25852;404;530;934
25853;333;438;771
25854;45;31;76
25855;400;622;1022
25856;41;26;67
25857;11;9;20
25859;41;32;73
25860;122;116;238
25862;166;120;286
25863;0;0;0
25864;0;0;0
25865;413;377;790
25866;0;0;0
25867;82;45;127
25868;0;0;0
25869;55;37;92
25870;0;0;0
25871;0;0;0
25872;8;8;16
25873;85;65;150
25874;72;56;128
25876;158;171;329
25877;94;61;155
25878;52;50;102
25879;0;0;0
25880;0;0;0
25881;85;46;131
25882;517;570;1087
25883;55;9;64
25884;116;64;180
25885;512;537;1049
25886;54;45;99
25887;65;48;113
25890;100;78;178
25891;0;0;0
25893;0;0;0
25894;203;217;420
25895;513;500;1013
25896;0;0;0
25897;130;118;248
25898;0;0;0
25899;237;219;456
25900;76;49;125
25901;205;227;432
25902;46;33;79
25903;59;40;99
25904;101;76;177
25905;0;0;0
25906;46;36;82
25907;39;31;70
25909;58;46;104
25910;0;0;0
25912;131;74;205
25913;83;45;128
25914;100;91;191
25915;0;0;0
25916;508;496;1004
25917;14;27;41
25918;21;25;46
25919;222;231;453
25920;89;56;145
25921;278;278;556
25922;817;688;1505
25923;53;48;101
25924;0;0;0
25926;548;679;1227
25927;185;157;342
25928;0;0;0
25929;502;538;1040
25930;0;0;0
25931;0;0;0
25932;114;97;211
25933;144;130;274
25934;0;0;0
25935;73;51;124
25936;365;329;694
25937;74;43;117
25938;182;265;447
25940;42;32;74
25941;114;68;182
25943;92;76;168
25944;149;181;330
25945;0;0;0
25946;8;4;12
25947;0;0;0
25948;0;0;0
25949;0;0;0
25950;78;72;150
25951;133;116;249
25952;62;53;115
25953;69;50;119
25954;204;174;378
25955;0;0;0
25957;0;0;0
25958;92;77;169
25959;8;3;11
25960;639;536;1175
25961;923;974;1897
25962;0;0;0
25963;0;0;0
25964;72;70;142
25965;78;31;109
25966;13;18;31
25967;0;0;0
25968;13;21;34
25969;455;589;1044
25970;65;71;136
25971;53;37;90
25972;61;38;99
25974;0;0;0
25976;238;251;489
25977;108;92;200
25978;59;63;122
25979;12;17;29
25980;0;0;0
25981;0;0;0
25982;106;109;215
25983;16;9;25
25984;201;194;395
25985;0;0;0
25986;0;0;0
25988;841;807;1648
25989;0;0;0
25991;258;270;528
25992;0;0;0
25993;107;51;158
25994;96;82;178
25995;301;276;577
25996;26;19;45
25997;78;80;158
25998;30;15;45
25999;1701;1588;3289
26000;51;22;73
26001;759;901;1660
26002;0;0;0
26003;148;112;260
26004;50;27;77
26005;60;39;99
26006;258;277;535
26008;0;0;0
26009;0;0;0
26011;0;0;0
26012;429;395;824
26013;94;61;155
26014;49;40;89
26015;122;114;236
26016;73;47;120
26017;258;281;539
26018;0;0;0
26019;190;166;356
26020;0;0;0
26021;159;136;295
26022;44;14;58
26023;0;0;0
26025;299;324;623
26026;0;0;0
26027;42;28;70
26028;242;221;463
26029;0;0;0
26030;63;41;104
26031;11;12;23
26032;44;35;79
26033;954;1020;1974
26034;0;0;0
26035;548;602;1150
26036;15;15;30
26037;394;406;800
26039;0;0;0
26040;0;0;0
26042;0;0;0
26043;54;56;110
26044;285;225;510
26045;442;396;838
26046;582;599;1181
26047;21;19;40
26048;43;68;111
26049;0;0;0
26050;0;0;0
26051;4;11;15
26052;0;0;0
26053;661;770;1431
26054;168;126;294
26056;0;0;0
26057;27;47;74
26058;11;14;25
26059;0;0;0
26060;0;0;0
26061;167;197;364
26062;74;57;131
26063;96;104;200
26064;77;68;145
26065;0;0;0
26066;10;7;17
26067;0;0;0
26068;119;114;233
26070;34;13;47
26071;47;39;86
26073;9;4;13
26074;0;0;0
26075;205;177;382
26076;27;31;58
26077;47;43;90
26078;0;0;0
26079;20;23;43
26080;319;251;570
26081;25;28;53
26082;5;5;10
26083;443;459;902
26084;415;362;777
26085;67;67;134
26087;107;102;209
26088;8;13;21
26089;0;0;0
26090;39;51;90
26091;36;26;62
26092;288;294;582
26093;63;50;113
26094;502;445;947
26095;0;0;0
26096;0;0;0
26097;95;49;144
26098;114;66;180
26099;28;29;57
26100;39;27;66
26101;46;30;76
26102;7;10;17
26103;0;0;0
26104;31;33;64
26106;103;81;184
26107;60;30;90
26108;253;237;490
26109;0;0;0
26110;600;591;1191
26111;359;348;707
26112;51;35;86
26113;73;41;114
26114;77;75;152
26115;479;470;949
26116;45;24;69
26117;451;480;931
26118;0;0;0
26120;34;13;47
26121;34;21;55
26123;0;0;0
26124;0;0;0
26125;0;0;0
26126;80;25;105
26128;33;29;62
26129;16;13;29
26130;436;363;799
26131;0;0;0
26133;0;0;0
26134;69;31;100
26135;861;832;1693
26137;168;155;323
26138;59;31;90
26139;215;206;421
26140;54;62;116
26141;13;13;26
26142;20;23;43
26143;124;118;242
26144;30;42;72
26145;75;55;130
26146;0;0;0
26147;7;8;15
26148;29;39;68
26149;0;0;0
26150;256;263;519
26151;55;31;86
26152;205;186;391
26154;0;0;0
26155;427;450;877
26156;0;0;0
26157;227;207;434
26158;160;136;296
26159;84;56;140
26160;0;0;0
26161;10;9;19
26162;0;0;0
26163;46;30;76
26164;224;151;375
26165;0;0;0
26166;40;20;60
26168;165;146;311
26169;76;55;131
26171;65;19;84
26172;217;187;404
26173;0;0;0
26174;9;7;16
26175;0;0;0
26176;34;26;60
26177;0;0;0
26178;0;0;0
26179;0;0;0
26180;38;45;83
26181;0;0;0
26182;62;41;103
26183;24;28;52
26185;41;29;70
26186;0;0;0
26187;14;26;40
26188;6;4;10
26189;0;0;0
26190;0;0;0
26191;29;14;43
26192;0;0;0
26193;0;0;0
26194;10;15;25
26195;15;23;38
26196;0;0;0
26197;35;36;71
26199;0;0;0
26200;19;13;32
26201;83;88;171
26202;158;164;322
26204;0;0;0
26205;0;0;0
26206;0;0;0
26207;115;108;223
26208;0;0;0
26209;393;314;707
26210;0;0;0
26211;3;5;8
26212;4;4;8
26213;106;89;195
26214;191;140;331
26215;0;0;0
26216;18;21;39
26218;0;0;0
26219;308;322;630
26221;36;25;61
26222;76;49;125
26223;13;12;25
26224;89;58;147
26225;182;205;387
26226;9;2;11
26227;68;40;108
26228;215;236;451
26229;0;0;0
26230;65;38;103
26231;37;19;56
26232;0;0;0
26233;0;0;0
26235;153;112;265
26236;54;57;111
26237;80;55;135
26238;435;378;813
26239;234;170;404
26240;34;40;74
26241;109;70;179
26242;0;0;0
26243;97;64;161
26244;129;103;232
26245;161;171;332
26246;110;60;170
26247;0;0;0
26249;139;126;265
26250;158;164;322
26252;101;73;174
26253;0;0;0
26254;254;257;511
26255;14;11;25
26256;37;36;73
26257;117;105;222
26258;16;23;39
26259;47;26;73
26260;861;918;1779
26261;29;17;46
26262;33;5;38
26263;108;88;196
26264;161;120;281
26266;0;0;0
26267;13;16;29
26268;365;353;718
26269;526;517;1043
26270;52;56;108
26271;129;152;281
26272;413;446;859
26273;124;80;204
26274;208;152;360
26275;52;29;81
26276;102;77;179
26278;72;53;125
26280;9;11;20
26281;69;49;118
26283;0;0;0
26284;0;0;0
26285;0;0;0
26286;88;83;171
26287;0;0;0
26288;0;0;0
26289;35;32;67
26290;32;20;52
26291;0;0;0
26292;253;392;645
26293;165;119;284
26294;0;0;0
26295;0;0;0
26297;87;50;137
26298;36;22;58
26299;49;12;61
26300;0;0;0
26302;0;0;0
26303;132;140;272
26304;77;74;151
26305;72;61;133
26306;15;8;23
26307;0;0;0
26308;0;0;0
26309;63;46;109
26310;3;11;14
26311;640;649;1289
26314;0;0;0
26316;105;50;155
26317;22;20;42
26318;35;23;58
26319;0;0;0
26320;36;39;75
26321;4;1;5
26322;18;13;31
26323;25;14;39
26324;187;158;345
26325;0;0;0
26326;20;20;40
26327;52;19;71
26328;110;105;215
26330;42;31;73
26331;0;0;0
26333;395;440;835
26334;48;40;88
26335;766;764;1530
26336;0;0;0
26337;17;7;24
26338;11;9;20
26339;0;0;0
26340;12;20;32
26341;138;162;300
26342;32;25;57
26343;0;0;0
26344;55;39;94
26345;128;123;251
26347;54;53;107
26348;16;11;27
26349;14;36;50
26350;34;19;53
26351;33;25;58
26352;164;146;310
26353;0;0;0
26354;30;22;52
26355;36;20;56
26356;27;24;51
26357;91;79;170
26358;25;23;48
26359;42;38;80
26360;21;28;49
26361;171;115;286
26362;495;510;1005
26364;63;57;120
26365;833;795;1628
26367;890;833;1723
26368;271;238;509
26369;0;0;0
26370;39;20;59
26371;193;168;361
26372;525;462;987
26373;86;70;156
26374;0;0;0
26378;201;265;466
26379;516;425;941
26381;536;451;987
26382;56;36;92
26383;261;247;508
26384;83;103;186
26385;0;0;0
26386;31;19;50
26387;288;284;572
26388;44;31;75
26389;0;0;0
26390;0;0;0
26391;43;37;80
26392;167;127;294
26393;47;33;80
26395;47;37;84
26396;29;27;56
26397;31;17;48
26398;42;35;77
26399;644;609;1253
26400;0;0;0
26402;0;0;0
26403;284;232;516
26404;0;0;0
26405;223;293;516
26406;46;24;70
26407;64;54;118
26408;36;19;55
26409;52;30;82
26410;53;35;88
26411;380;362;742
26412;36;20;56
26414;38;30;68
26415;62;44;106
26416;204;97;301
26417;0;0;0
26418;0;0;0
26419;92;75;167
26420;29;21;50
26421;18;14;32
26422;173;165;338
26423;0;0;0
26424;170;167;337
26425;0;0;0
26426;40;45;85
26428;114;118;232
26429;26;20;46
26431;0;0;0
26432;70;79;149
26434;142;66;208
26435;41;28;69
26436;1307;1442;2749
26438;86;53;139
26439;35;24;59
26440;0;0;0
26441;72;44;116
26442;81;64;145
26443;73;55;128
26445;38;27;65
26446;49;26;75
26447;73;55;128
26448;26;19;45
26449;42;39;81
26450;142;112;254
26451;125;106;231
26452;15;8;23
26453;48;44;92
26454;584;561;1145
26455;37;42;79
26456;31;51;82
26457;39;21;60
26459;26;21;47
26460;184;174;358
26462;112;81;193
26463;38;46;84
26464;56;53;109
26465;125;98;223
26466;1079;1052;2131
26467;0;0;0
26468;36;22;58
26469;85;31;116
26470;0;0;0
26471;74;46;120
26472;19;22;41
26473;0;0;0
26474;30;23;53
26476;1016;972;1988
26477;96;39;135
26478;27;26;53
26479;0;0;0
26480;36;23;59
26481;21;17;38
26482;194;205;399
26483;71;43;114
26484;148;112;260
26485;27;25;52
26486;0;0;0
26487;50;34;84
26488;0;0;0
26490;42;30;72
26491;13;10;23
26493;32;13;45
26494;90;56;146
26495;52;36;88
26496;43;35;78
26497;49;39;88
26498;39;12;51
26499;0;0;0
26500;37;24;61
26501;199;204;403
26502;78;60;138
26503;198;184;382
26504;0;0;0
26505;0;0;0
26506;0;0;0
26507;216;198;414
26509;53;37;90
26510;17;10;27
26512;62;52;114
26513;46;34;80
26514;41;19;60
26515;0;0;0
26516;70;53;123
26517;52;31;83
26518;137;81;218
26519;34;39;73
26520;26;22;48
26521;84;53;137
26522;21;21;42
26523;96;45;141
26524;217;238;455
26526;107;97;204
26527;126;76;202
26528;0;0;0
26529;64;27;91
26530;53;21;74
26531;83;56;139
26532;193;152;345
26533;50;40;90
26534;77;63;140
26535;29;28;57
26536;59;33;92
26537;0;0;0
26538;1371;1427;2798
26540;0;0;0
26541;116;64;180
26543;77;48;125
26544;49;34;83
26566;0;0;0
30001;223;229;452
30002;142;120;262
30003;365;299;664
30004;58;36;94
30005;428;428;856
30006;324;234;558
30007;91;58;149
30009;28;17;45
30010;70;45;115
30012;105;43;148
30013;107;109;216
31001;18;10;28
31002;97;0;97
31003;96;58;154
31004;0;0;0
31005;63;67;130
31006;24;20;44
31007;0;0;0
31008;38;19;57
31009;24;11;35
31010;271;293;564
31011;44;63;107
31012;213;159;372
31013;28;27;55
31015;57;46;103
31016;100;82;182
31017;24;11;35
31018;7;5;12
31019;65;49;114
31020;37;37;74
31021;62;55;117
31022;11;17;28
31029;72;84;156
31030;742;446;1188
31032;63;49;112
31033;46;38;84
31034;59;58;117
31035;41;19;60
31036;150;151;301
31037;295;520;815
31038;45;15;60
31039;0;0;0
31040;327;334;661
31041;92;53;145
31042;147;146;293
31043;48;26;74
31044;72;55;127
31046;24;16;40
31047;54;39;93
31048;98;93;191
31049;56;39;95
31050;0;0;0
31051;101;47;148
31052;242;279;521
31053;16;14;30
31054;123;110;233
31055;17;20;37
31056;52;38;90
31057;0;0;0
31058;0;0;0
31060;18;17;35
31061;33;47;80
31063;53;50;103
31064;122;87;209
31065;273;463;736
31066;236;275;511
31067;0;0;0
31068;169;143;312
31069;20;83;103
31070;44;37;81
31071;321;411;732
31072;35;53;88
31073;52;35;87
31074;0;911;911
31075;40;24;64
31077;90;60;150
31078;206;285;491
31079;0;0;0
31080;147;161;308
31081;112;126;238
31082;33;27;60
31083;198;246;444
31084;140;127;267
31085;152;190;342
31086;101;108;209
31087;266;231;497
31088;68;63;131
31089;10;3;13
31090;116;98;214
31091;25;32;57
31092;17;15;32
31094;80;64;144
31095;0;0;0
31096;0;0;0
31097;32;16;48
31098;48;38;86
31099;33;45;78
31100;68;28;96
31101;0;0;0
31102;0;0;0
31103;207;275;482
31104;251;0;251
31105;47;34;81
31106;159;172;331
31107;105;121;226
31108;58;66;124
31110;591;582;1173
31111;56;53;109
31113;165;142;307
31114;46;61;107
31115;66;49;115
31116;348;339;687
31117;38;28;66
31118;86;60;146
31119;378;416;794
31120;47;41;88
31121;186;188;374
31122;53;36;89
31123;67;45;112
31124;92;50;142
31125;48;37;85
31127;0;0;0
31128;180;131;311
31129;15;15;30
31130;123;127;250
31131;0;0;0
31132;41;23;64
31133;45;17;62
31134;0;0;0
31135;65;73;138
31136;27;28;55
31137;51;47;98
31138;20;26;46
31139;81;52;133
31140;32;14;46
31141;60;36;96
31142;21;15;36
31144;55;63;118
31145;42;19;61
31146;0;0;0
31147;0;0;0
31148;13;8;21
31149;62;48;110
31150;71;81;152
31151;0;0;0
31152;73;45;118
31153;324;394;718
31154;163;126;289
31155;56;29;85
31156;0;0;0
31158;95;91;186
31159;157;125;282
31161;585;635;1220
31162;50;62;112
31163;117;126;243
31164;77;43;120
31165;29;14;43
31166;17;17;34
31167;109;112;221
31168;15;18;33
31169;15;10;25
31170;67;35;102
31171;69;57;126
31172;70;40;110
31173;33;22;55
31175;167;125;292
31176;41;19;60
31177;21;36;57
31178;30;30;60
31179;21;39;60
31180;14;20;34
31181;12;0;12
31182;25;35;60
31183;52;51;103
31184;10;14;24
31185;124;109;233
31186;0;0;0
31187;62;62;124
31189;8;8;16
31190;277;235;512
31192;168;183;351
31193;145;151;296
31194;176;152;328
31195;0;0;0
31196;11;15;26
31197;0;0;0
31198;7;15;22
31199;74;20;94
31200;40;41;81
31201;160;168;328
31202;36;27;63
31203;350;336;686
31204;0;0;0
31205;0;0;0
31206;43;36;79
31208;0;0;0
31209;62;47;109
31211;52;38;90
31212;23;17;40
31213;0;0;0
31214;49;33;82
31215;53;45;98
31216;48;26;74
31217;28;28;56
31218;28;21;49
31219;136;115;251
31220;250;300;550
31221;150;126;276
31222;55;48;103
31223;10;24;34
31249;64;35;99
31250;50;40;90
31251;28;22;50
31252;79;73;152
31253;308;294;602
31254;148;83;231
31256;16;16;32
31257;43;34;77
31258;32;27;59
31259;56;30;86
31260;265;244;509
31261;59;52;111
31262;348;344;692
31263;13;9;22
31264;166;191;357
31265;88;52;140
31266;133;115;248
31267;63;58;121
31268;0;0;0
31270;68;43;111
31271;125;106;231
31273;0;0;0
31274;214;217;431
31275;11;15;26
31276;450;438;888
31277;66;48;114
31278;122;109;231
31279;191;94;285
31280;32;21;53
31281;8;6;14
31282;140;87;227
31283;48;41;89
31284;0;0;0
31285;63;39;102
31287;153;134;287
31288;125;164;289
31289;37;28;65
31290;348;321;669
31291;50;31;81
31292;16;16;32
31293;254;289;543
31294;431;525;956
31295;518;521;1039
31296;0;0;0
31297;67;52;119
31298;0;0;0
31299;227;257;484
31300;17;8;25
31302;213;169;382
31303;22;27;49
31304;43;23;66
31306;59;40;99
31307;0;0;0
31308;21;10;31
31318;2;1;3
31326;29;20;49
31327;1523;1587;3110
31328;0;0;0
31329;30;27;57
31330;27;13;40
31331;30;19;49
31332;81;80;161
31333;34;23;57
31334;59;26;85
31335;95;73;168
31337;73;69;142
31338;12;13;25
31339;22;12;34
31340;937;1099;2036
31341;69;46;115
31342;335;374;709
31343;357;394;751
31344;20;14;34
31345;397;242;639
31346;82;63;145
31347;88;96;184
31350;23;20;43
31360;23;26;49
31361;50;26;76
31362;34;20;54
31363;30;14;44
31364;104;62;166
31365;40;28;68
31366;55;27;82
31368;38;40;78
31369;43;34;77
31371;69;49;118
31372;0;0;0
31373;209;209;418
31374;37;34;71
31375;197;226;423
31376;121;133;254
31377;55;28;83
31378;651;676;1327
31379;412;355;767
31380;15;10;25
31381;68;34;102
31382;0;0;0
31383;13;13;26
31385;0;0;0
31386;0;0;0
31387;482;420;902
31388;328;314;642
31389;25;12;37
31390;25;25;50
31391;0;0;0
31392;228;195;423
31393;0;0;0
31394;122;126;248
31395;32;46;78
31396;40;39;79
31397;0;0;0
31405;113;102;215
31407;11;11;22
31408;4;1;5
31409;12;10;22
31412;70;63;133
31419;0;0;0
31421;300;297;597
31422;0;0;0
31423;57;58;115
31424;47;27;74
31425;130;99;229
31426;18;14;32
31427;66;49;115
31428;124;151;275
31429;3;3;6
31430;97;76;173
31431;72;70;142
31432;315;260;575
31433;31;24;55
31435;41;11;52
31436;28;14;42
31437;59;49;108
31438;21;22;43
31439;24;22;46
31440;54;35;89
31441;82;58;140
31442;10;16;26
31443;46;38;84
31444;55;5;60
31445;179;177;356
31446;63;49;112
31447;33;17;50
31449;53;29;82
31450;16;15;31
31452;43;27;70
31453;48;15;63
31454;0;0;0
31455;12;21;33
31456;90;74;164
31457;9;6;15
31458;37;27;64
31459;21;17;38
31460;36;32;68
31461;68;34;102
31462;67;50;117
31466;12;7;19
31486;58;94;152
31492;31;21;52
31493;9;16;25
31494;19;11;30
31495;247;232;479
31497;40;39;79
31498;50;28;78
31499;134;106;240
31500;159;125;284
31502;83;70;153
31503;35;17;52
31504;146;158;304
31505;64;61;125
31506;151;150;301
31507;27;19;46
31508;75;39;114
31509;58;43;101
32004;0;0;0
32032;44;43;87
32053;0;0;0
32055;0;0;0
32059;0;0;0
40000;12;18;30
40001;18;14;32
40006;560;452;1012
40007;37;28;65
40008;109;123;232
40009;19;3;22
40010;44;23;67
40011;0;0;0
40012;0;0;0
40013;67;45;112
40014;56;41;97
40015;48;35;83
40016;83;66;149
40017;82;67;149
40018;80;70;150
40020;15;10;25
40021;11;9;20
40023;565;465;1030
40024;293;206;499
40025;311;226;537
40026;0;0;0
40027;184;280;464
40028;41;25;66
40029;68;61;129
40030;44;42;86
40031;0;0;0
40032;0;0;0
40033;193;190;383
40034;71;38;109
40035;53;16;69
40037;49;37;86
40038;137;154;291
40039;0;0;0
40041;0;0;0
40042;364;343;707
40043;379;404;783
40044;0;0;0
40045;29;19;48
40046;0;0;0
40047;69;59;128
40048;39;23;62
40049;25;16;41
40050;5;10;15
40051;88;62;150
40052;51;39;90
40054;154;102;256
40055;83;81;164
40056;51;33;84
40057;0;0;0
40058;3;8;11
40059;9;6;15
40060;0;0;0
40061;66;46;112
40062;45;31;76
40063;69;43;112
40064;295;297;592
40065;62;53;115
40066;15;16;31
40068;64;52;116
40069;0;0;0
40071;37;40;77
40072;0;0;0
40073;160;127;287
40074;53;32;85
40075;0;0;0
40076;530;518;1048
40077;0;0;0
40078;254;244;498
40079;0;0;0
40080;240;199;439
40081;8;13;21
40082;52;48;100
40083;68;45;113
40085;54;33;87
40086;0;0;0
40089;52;33;85
40090;36;26;62
40092;27;22;49
40093;49;62;111
40094;0;0;0
40095;17;9;26
40097;0;0;0
40099;118;88;206
40101;178;170;348
40102;79;76;155
40104;0;0;0
40105;2;2;4
40106;85;47;132
40107;45;40;85
40108;0;0;0
40109;0;0;0
40110;313;306;619
40111;51;47;98
40112;0;0;0
40113;16;14;30
40114;355;579;934
40115;136;74;210
40116;18;18;36
40119;65;43;108
40121;35;17;52
40122;31;22;53
40123;43;35;78
40124;65;44;109
40125;365;340;705
40126;230;146;376
40127;50;30;80
40129;0;0;0
40130;75;41;116
40132;55;42;97
40133;60;0;60
40135;21;19;40
40136;35;19;54
40137;76;63;139
40138;68;42;110
40139;0;0;0
40140;72;63;135
40141;32;35;67
40142;74;66;140
40143;59;40;99
40144;24;28;52
40145;42;8;50
40146;164;93;257
40147;0;0;0
40149;31;38;69
40150;27;31;58
40152;6;6;12
40153;38;35;73
40154;50;40;90
40155;379;399;778
40156;0;0;0
40157;51;27;78
40158;26;27;53
40159;43;39;82
40160;110;81;191
40161;0;0;0
40163;43;29;72
40164;0;0;0
40166;0;0;0
40167;52;47;99
40168;56;30;86
40169;19;13;32
40170;112;72;184
40171;66;50;116
40172;75;44;119
40173;71;47;118
40174;105;51;156
40175;0;0;0
40176;69;75;144
40177;94;75;169
40178;72;32;104
40180;0;0;0
40181;0;0;0
40183;0;0;0
40184;240;212;452
40185;0;0;0
40186;144;126;270
40187;10;6;16
40189;113;78;191
40190;44;32;76
40191;5;13;18
40192;48;49;97
40193;94;83;177
40194;543;542;1085
40195;77;29;106
40197;65;43;108
40198;0;0;0
40199;0;0;0
40200;0;0;0
40202;105;117;222
40203;22;20;42
40204;0;0;0
40205;86;50;136
40206;68;56;124
40207;41;40;81
40208;169;107;276
40209;85;49;134
40210;33;24;57
40211;0;0;0
40212;49;46;95
40213;15;15;30
40216;59;49;108
40217;16;13;29
40218;36;5;41
40219;50;77;127
40225;41;33;74
40226;21;16;37
40228;0;0;0
40230;300;229;529
40231;239;242;481
40233;31;29;60
40234;16;10;26
40235;39;44;83
40236;66;57;123
40237;54;46;100
40238;0;0;0
40239;0;0;0
40240;45;39;84
40241;114;110;224
40242;118;119;237
40243;38;22;60
40244;33;14;47
40245;57;48;105
40247;0;0;0
40248;88;50;138
40249;0;0;0
40250;0;0;0
40251;375;408;783
40252;191;224;415
40253;165;116;281
40254;24;16;40
40255;83;45;128
40256;580;580;1160
40257;149;70;219
40258;0;0;0
40259;52;39;91
40260;0;0;0
40261;72;40;112
40262;57;31;88
40264;2;3;5
40265;6;1;7
40266;31;23;54
40267;59;39;98
40268;11;17;28
40269;0;0;0
40270;86;94;180
40271;34;35;69
40272;54;26;80
40273;55;52;107
40274;0;0;0
40275;52;25;77
40276;34;21;55
40278;206;220;426
40279;21;17;38
40281;120;47;167
40282;79;106;185
40283;26;14;40
40284;199;211;410
40285;184;178;362
40286;0;0;0
40287;61;50;111
40288;138;128;266
40289;199;269;468
40290;0;0;0
40291;217;148;365
40292;0;0;0
40293;61;22;83
40295;355;367;722
40296;66;68;134
40297;0;0;0
40298;648;581;1229
40299;181;201;382
40300;96;78;174
40301;253;242;495
40302;25;20;45
40303;39;34;73
40304;0;0;0
40305;293;307;600
40307;28;24;52
40308;243;194;437
40309;20;29;49
40310;304;373;677
40311;0;0;0
40312;11;8;19
40314;0;0;0
40315;54;45;99
40316;252;233;485
40317;171;143;314
40318;34;26;60
40319;464;503;967
40320;328;341;669
40321;72;82;154
40322;92;85;177
40323;0;0;0
40324;57;61;118
40325;25;9;34
40326;0;0;0
40328;86;45;131
40329;158;176;334
40331;50;22;72
40332;14;13;27
40333;29;21;50
40334;3;3;6
40335;42;41;83
40336;0;0;0
40337;14;11;25
40338;71;62;133
40340;108;112;220
40341;60;38;98
40342;69;34;103
40343;401;419;820
40348;0;0;0
40350;0;0;0
40351;370;335;705
40352;150;90;240
40353;47;33;80
40354;35;21;56
40359;55;45;100
40360;30;20;50
40362;6;4;10
40363;0;0;0
40364;21;12;33
40365;40;16;56
40366;79;52;131
40367;44;16;60
40368;23;35;58
40369;34;17;51
40370;217;255;472
40371;308;289;597
40372;35;15;50
40373;5;3;8
40374;21;7;28
40377;37;29;66
40378;54;25;79
40379;55;25;80
40380;39;29;68
40381;117;95;212
40382;42;33;75
40383;137;132;269
40384;63;49;112
40385;58;24;82
40386;35;17;52
40387;6;4;10
40388;32;24;56
40390;10;4;14
40391;55;18;73
40393;169;139;308
40394;24;3;27
40395;277;197;474
40396;0;0;0
40397;37;48;85
40398;40;43;83
40399;278;265;543
40400;86;63;149
40401;57;38;95
40402;0;0;0
40403;112;125;237
40404;7;5;12
40405;35;40;75
40406;153;122;275
40407;264;379;643
40409;86;50;136
40410;52;27;79
40412;48;37;85
40413;82;85;167
40414;167;135;302
40415;56;29;85
40416;32;32;64
40417;53;24;77
40418;4;1;5
40419;30;13;43
40420;26;39;65
40421;34;24;58
40422;595;449;1044
40423;103;83;186
40424;71;57;128
40426;0;0;0
40427;26;14;40
40428;16;14;30
40429;326;407;733
40430;27;29;56
40431;23;11;34
40432;5;8;13
40433;29;17;46
40434;0;0;0
40435;35;29;64
40436;115;107;222
40437;0;0;0
40438;0;0;0
40444;66;46;112
40445;58;46;104
40446;0;0;0
40447;85;85;170
40450;0;0;0
40451;72;63;135
40452;35;22;57
40453;27;26;53
40454;0;0;0
40455;32;24;56
40457;77;99;176
40458;52;31;83
40459;117;84;201
